//---------------------------------------------------------------//
//     Type    Index   Opt1    Value1  Opt2    Value2   Time     //
//---------------------------------------------------------------//
0
	0	22	2	200	1	10	0
	0	23	2	200	1	10	0
	2	14	2	200	1	10	0
	4	21	2	200	1	10	0
	5	12	2	200	1	10	0
	7	29	8	20	3	10	0
	7	30	8	20	3	10	0
	7	31	8	20	3	10	0
	7	33	8	20	3	10	0
	8	29	7	0	3	10	0
	8	30	7	0	3	10	0
	8	31	7	0	3	10	0
	8	32	7	0	3	10	0
	8	33	7	0	3	10	0
	9	29	4	200	3	10	0
	9	30	4	200	3	10	0
	9	31	4	200	3	10	0
	9	32	4	200	3	10	0
	9	33	4	200	3	10	0
	10	29	5	200	3	10	0
	10	30	5	200	3	10	0
	10	31	5	200	3	10	0
	10	32	5	200	3	10	0
	10	33	5	200	3	10	0
	11	29	6	700	3	10	0
	11	30	6	700	3	10	0
	11	31	6	700	3	10	0
	11	32	6	700	3	10	0
	11	33	6	700	3	10	0
end