//BYTE	BYTE				
//btIndex	btItemCodeType	btItemCodeIndex	btItemLevel	btItemDur	
0					
1	14	13	0	0	//祝福の宝石
2	14	14	0	0	//霊魂の宝石
3	12	15	0	0	//混沌の宝石
4	14	11	0	0	//幸運の箱
5	14	11	3	0	//愛のハート
//6	-	-	0	0	-
//7	-	-	0	0	-
//8	-	-	0	0	-
//9	-	-	0	0	-
//10	-	-	0	0	-
11	12	19	0	0	//神撃の玉
12	12	18	0	0	//氷結の玉
13	12	17	0	0	//貫通の玉
14	12	16	0	0	//血戦の玉
15	12	14	0	0	//元気の玉
16	12	13	0	0	//心点の玉
17	12	12	0	0	//震破の玉
18	13	2	0	0	//ユニリアの角
19	13	3	0	0	//ディノラントの角
20	14	16	0	0	//生命の宝石
21	13	0	0	0	//守護天使
22	13	1	0	0	//サタンの羽
23	14	51	0	0	//聖誕の星
24	14	11	9	0	//クンドンの箱+2
25	14	11	10	0	//クンドンの箱+3
26	14	19	0	0	//悪魔の招待状
27	14	19	1	0	//悪魔の招待状+1
28	14	19	2	0	//悪魔の招待状+2
29	14	19	3	0	//悪魔の招待状+3
30	14	19	4	0	//悪魔の招待状+4
31	14	11	2	0	//花火
32	14	20	0	0	//愛の妙薬
33	14	22	0	0	//創造の宝石
34	13	15	0	0	//再生の実（エナジー）
35	13	15	1	0	//再生の実（体力）
36	13	15	2	0	//再生の実（敏捷）
37	13	15	3	0	//再生の実（力）
38	14	11	11	0	//クンドンの箱+4
39	14	11	12	0	//クンドンの箱+5
40	14	20	1	0	//ANNIVERSARY BOX+1
41	14	20	2	0	//ANNIVERSARY BOX+2
42	14	20	3	0	//ANNIVERSARY BOX+3
43	14	20	4	0	//ANNIVERSARY BOX+4
44	14	20	5	0	//ANNIVERSARY BOX+5
45	14	11	8	0	//クンドンの箱+1
46	14	41	0	0	//調和の原石
47	14	42	0	0	//調和の宝石
48	14	44	0	0	//上級製錬石
49	14	43	0	0	//下級製錬石
50	14	31	0	0	//守護の宝石
51	12	30	0	0	//祝福の宝石セット
52	12	31	0	0	//霊魂の宝石セット
53	12	32	0	0	//赤いリボンのボックス
54	12	33	0	0	//緑リボンのボックス
55	12	34	0	0	//青いリボンのボックス
56	12	35	0	0	//煉獄の巻物
57	12	44	0	0	//極寒の玉
58	12	45	0	0	//流星の玉
59	12	46	0	0	//癒しの玉
60	12	47	0	0	//炎舞の玉
61	12	48	0	0	//暗雲の巻物
62	12	70	0	0	//スフィア(モノ)
63	12	60	0	0	//シード(火)　攻撃力
64	12	60	1	0	//シード(火)　攻撃速度
65	12	60	2	0	//シード(火)　最大攻撃力/魔力増加
66	12	60	3	0	//シード(火)　最小攻撃力/魔力増加
67	12	60	4	0	//シード(火)　攻撃力/魔力増加
68	12	60	5	0	//シード(火)　AG消耗量減少
69	12	61	0	0	//シード(水)　防御成功率増加
70	12	61	1	0	//シード(水)　防御力増加
71	12	61	2	0	//シード(水)　盾防御力増加
72	12	61	3	0	//シード(水)　ダメージ減少
73	12	61	4	0	//シード(水)　ダメージ反射
74	12	62	0	0	//シード(氷)　モンスター死亡時生命増加
75	12	62	1	0	//シード(氷)　モンスター死亡時マナ増加
76	12	62	2	0	//シード(氷)　スキル攻撃率増加
77	12	62	3	0	//シード(氷)　攻撃成功率増加
78	12	62	4	0	//シード(氷)　アイテム耐久力強化
79	12	63	0	0	//シード(風)　生命自動回復増加
80	12	63	1	0	//シード(風)　最大生命増加
81	12	63	2	0	//シード(風)　最大マナ増加
82	12	63	3	0	//シード(風)　マナ自動回復増加
83	12	63	4	0	//シード(風)　最大AG増加
84	12	63	5	0	//シード(風)　AG値増加
85	12	64	0	0	//シード(稲妻)　エクセレントダメージ増加
86	12	64	1	0	//シード(稲妻)　エクセレントダメージ確率増加
87	12	64	2	0	//シード(稲妻)　クリティカルダメージ増加
88	12	64	3	0	//シード(稲妻)　クリティカルダメージ確率増加
89	12	65	2	0	//シード(地)　体力増加
90	12	100	0	0	//シードスフィア(火)
91	12	101	0	0	//シードスフィア(水)
92	12	102	0	0	//シードスフィア(氷)
93	12	103	0	0	//シードスフィア(風)
94	12	104	0	0	//シードスフィア(稲妻)
95	12	105	0	0	//シードスフィア(地)
96	13	4	0	0	//ダークホースの蹄
97	13	5	0	0	//ダークスピリットの爪
98	13	11	1	0	//ライフストーン
99	13	14	0	0	//ロックの羽
100	13	18	1	0	//透明マント
101	13	20	0	0	//魔法師の指輪
102	13	37	0	0	//フェンリルの角笛
103	13	40	0	0	//ジャックランタンの変化の指輪
104	13	51	1	1	//血の巻物
105	13	52	0	0	//コンドルの炎
106	13	53	0	0	//コンドルの羽
107	13	64	0	0	//デーモン
108	13	65	0	0	//守護精霊
109	14	0	0	3	//リンゴ
110	14	9	0	0	//お酒
111	14	21	0	0	//レナ
112	14	32	0	0	//ピンクのチョコレート箱
113	14	33	0	0	//赤のチョコレート箱
114	14	34	0	0	//青のチョコレート箱
115	14	35	0	0	//小さいSD回復ポーション
116	14	36	0	0	//SD回復ポーション
117	14	37	0	0	//大きいSD回復ポーション
118	14	45	0	0	//幸運のかぼちゃ
119	14	46	0	0	//ジャックランタンの祝福
120	14	47	0	0	//ジャックランタンの憤怒
121	14	48	0	0	//ジャックランタンの叫び
122	14	49	0	0	//ジャックランタンのごちそう
123	14	50	0	0	//ジャックランタンワイン
124	14	53	0	10	//ラッキーチャーム
125	14	58	0	0	//レアアイテムチケット1
126	14	59	0	0	//レアアイテムチケット2
127	14	60	0	0	//レアアイテムチケット3
128	14	61	0	0	//レアアイテムチケット4
129	14	62	0	0	//レアアイテムチケット5
130	14	63	0	0	//爆竹
131	14	65	0	0	//デスビームナイトの炎
132	14	66	0	0	//ヘルマイネの角
133	14	67	0	0	//天空の不死鳥の羽
134	14	83	0	0	//レアアイテムチケット6
135	14	84	0	0	//お花見ボックス
136	14	85	0	0	//桜酒
137	14	86	0	0	//桜だんご
138	14	87	0	0	//桜の花びら
139	14	88	0	10	//白い桜の枝
140	14	89	0	30	//赤い桜の枝
141	14	90	0	50	//黄金の桜の枝"
142	14	92	0	0	//パンドラカードゴールド
143	14	93	0	0	//パンドラカードレア
144	14	95	0	0	//パンドラカードミニ
145	14	96	0	0	//カオス合成保険証
146	15	8	0	0	//悪霊の法書
147	15	9	0	0	//魔陣の法書
148	15	10	0	0	//波動の法書
149	15	11	0	0	//水鏡の法書
150	15	12	0	0	//閃光の法書
151	15	13	0	0	//地獄の法書
152	15	14	0	0	//念動の法書
153	15	15	0	0	//念波の法書
154	15	16	0	0	//魍毒の法書
155	15	17	0	0	//氷雪の法書
156	15	18	0	0	//爆轟の法書
157	15	21	0	0	//吸血の羊皮紙
158	15	22	0	0	//反射の羊皮紙
159	15	23	0	0	//狂乱の羊皮紙
160	15	24	0	0	//睡魔の羊皮紙
161	15	26	0	0	//拙攻の羊皮紙
162	15	27	0	0	//衰弱の羊皮紙
//163	15	28	0	0	//魔力の法書
//164	15	29	0	0	//雷鳴の法書
163	13	76	0	255	//パンダマンの変身指輪
164	13	80	0	255	//白と黒のポンガ
165	13	10	0	255	//変化の指輪　パージドラゴン
166	13	10	1	255	//変化の指輪　ギガンテス
167	13	10	2	255	//変化の指輪　骸骨の騎士
168	13	10	3	255	//変化の指輪　猛毒のミノタウロス
169	13	10	4	255	//変化の指輪　メイジ
170	13	10	5	255	//変化の指輪　ダークホーン
171	13	67	0	0	//赤はなのルドルフ
172	13	68	0	0	//雪だるま変化の指輪
173	14	55	0	1	//緑の混沌の箱
174	14	56	0	1	//赤の混沌の箱
175	14	57	0	1	//紫の混沌の箱
end					
