// Lorencia
//-------------------------------------------------------------------------------------------------------------------------------------------------------------------------------------------------------------------------------------------
//Numb	Rate	Name			Level	HP	MP    MinDmg  MaxDmg   Def    MagDef  Attack Success   Move  AttType  Range    View  MoveSpeed AttSpeed	Regen	Attri	ItemR	MoneyR	MaxI ResWind ResPois  ResIce ResWater ResFire
//-------------------------------------------------------------------------------------------------------------------------------------------------------------------------------------------------------------------------------------------
3	1	"Spider"		2	30	0	4	7	1	0	8	1	2	0	1	5	400	1800	10	2	120	10	6	0	0	0	0	0	
2	1	"Budge Dragon"		4	60	0	10	13	3	0	18	3	3	0	1	4	400	2000	10	2	120	10	6	0	0	0	0	0	
0	1	"Bull Fighter"		6	100	0	16	20	6	0	28	6	3	0	1	5	400	1600	10	2	130	10	6	0	0	0	0	0	
1	1	"Hound"			9	140	0	22	27	9	0	39	9	3	0	1	5	400	1600	10	2	130	10	6	0	0	0	0	0	
4	1	"Elite Bull Fighter"	12	190	0	31	36	12	0	50	12	3	0	1	4	400	1400	10	2	140	12	6	0	0	0	0	0	
6	1	"Lich"			14	255	0	41	46	14	0	62	14	3	2	4	7	400	2000	10	2	150	12	6	0	0	0	0	1	
7	1	"Giant"			17	400	0	57	62	18	0	80	18	2	0	2	3	400	2200	10	2	150	12	6	0	0	0	0	0	
14	1	"Skeleton"		19	525	0	68	74	22	0	93	22	2	0	1	4	400	1400	10	2	160	12	6	0	0	0	0	0	

// Noria
//-------------------------------------------------------------------------------------------------------------------------------------------------------------------------------------------------------------------------------------------
//Numb	Rate	Name			Level	HP	MP    MinDmg  MaxDmg   Def    MagDef  Attack Success   Move  AttType  Range    View  MoveSpeed AttSpeed	Regen	Attri	ItemR	MoneyR	MaxI ResWind ResPois  ResIce ResWater ResFire
//-------------------------------------------------------------------------------------------------------------------------------------------------------------------------------------------------------------------------------------------
26	1	"Goblin"		3	45	0	7	10	2	0	13	2	2	0	1	4	400	1800	10	2	120	10	6	0	0	0	0	0	
27	1	"Chain Scorpion"	5	80	0	13	17	4	0	23	4	3	0	1	4	400	1800	10	2	120	10	6	0	0	0	0	0	
33	1	"Elite Goblin"		8	120	0	19	23	8	0	33	8	3	0	1	5	400	1600	10	2	130	10	6	0	0	0	0	0	
28	1	"Beetle Monster"	10	165	0	26	31	10	0	44	10	3	0	1	5	400	1600	10	2	140	10	6	0	0	0	0	0	
29	1	"Hunter"		13	220	0	36	41	13	0	56	13	3	0	4	4	400	1600	10	2	140	12	6	0	0	0	0	0	
30	1	"Forest Monster"	15	295	0	46	51	15	0	68	15	3	0	1	4	400	1600	10	2	150	12	6	0	0	0	0	0	
31	1	"Agon"			16	340	0	51	57	16	0	74	16	2	0	1	4	400	1400	10	2	150	12	6	0	0	0	0	0	
32	1	"Stone Golem"		18	465	0	62	68	20	0	86	20	2	0	2	3	400	2200	10	2	160	12	6	0	0	0	0	0	

// Devias
//-------------------------------------------------------------------------------------------------------------------------------------------------------------------------------------------------------------------------------------------
//Numb	Rate	Name			Level	HP	MP    MinDmg  MaxDmg   Def    MagDef  Attack Success   Move  AttType  Range    View  MoveSpeed AttSpeed	Regen	Attri	ItemR	MoneyR	MaxI ResWind ResPois  ResIce ResWater ResFire
//-------------------------------------------------------------------------------------------------------------------------------------------------------------------------------------------------------------------------------------------
24	1	"Worm"			20	600	0	75	80	25	0	100	25	3	0	1	4	400	1600	10	2	160	14	6	0	0	2	0	0	
22	1	"Ice Monster"		22	650	0	80	85	27	0	110	27	2	7	1	5	400	2000	10	2	170	14	6	0	0	3	0	0	
23	1	"Hommerd"		24	700	0	85	90	29	0	120	29	3	0	1	5	400	1600	10	2	170	14	6	0	0	3	0	0	
21	1	"Assassin"		26	800	0	95	100	33	0	130	33	2	0	1	7	400	2000	10	2	180	14	6	0	0	0	0	0	
19	1	"Yeti"			30	900	0	105	110	37	0	150	37	2	17	4	6	400	2000	10	2	180	14	6	0	0	3	0	0	
20	1	"Elite Yeti"		36	1200	0	120	125	50	0	180	43	3	0	1	6	400	1400	10	2	180	14	6	0	1	4	1	1	
25	1	"Ice Queen"		52	4000	0	155	165	90	0	260	76	3	11	4	7	400	1400	50	2	180	14	3	0	4	5	4	4	

// Dungeon
//-------------------------------------------------------------------------------------------------------------------------------------------------------------------------------------------------------------------------------------------
//Numb	Rate	Name			Level	HP	MP    MinDmg  MaxDmg   Def    MagDef  Attack Success   Move  AttType  Range    View  MoveSpeed AttSpeed	Regen	Attri	ItemR	MoneyR	MaxI ResWind ResPois  ResIce ResWater ResFire
//-------------------------------------------------------------------------------------------------------------------------------------------------------------------------------------------------------------------------------------------
12	1	"Larva"			25	750	0	90	95	31	0	125	31	3	1	1	4	400	1800	10	2	200	14	6	0	2	0	0	0
17	1	"Cyclops"		28	850	0	100	105	35	0	140	35	3	0	1	4	400	1600	10	2	170	14	6	0	2	0	0	0
11	1	"Ghost"			32	1000	0	110	115	40	0	160	39	3	0	1	5	400	1400	10	2	190	14	6	0	2	2	2	2
15	1	"Skeleton Archer"	34	1100	0	115	120	45	0	170	41	2	0	5	7	400	2000	10	2	190	14	6	0	1	1	1	1
5	1	"Hell Hound"		38	1400	0	125	130	55	0	190	45	3	0	1	4	400	1200	10	2	190	14	6	0	1	1	1	3
13	1	"Hell Spider"		40	1600	0	130	135	60	0	200	47	3	11	4	7	400	1600	10	2	190	14	6	0	3	1	1	1
16	1	"Elite Skeleton"	42	1800	0	135	140	65	0	210	49	2	0	1	4	400	1600	10	2	190	14	4	0	1	1	1	1
9	1	"Thunder Lich"		44	2000	0	140	145	70	0	220	55	3	3	4	7	400	2200	10	2	190	14	3	0	2	2	3	2
8	1	"Poison Bull Fighter"	46	2500	0	145	150	75	0	230	61	3	1	1	5	400	1400	10	2	190	14	3	0	6	2	2	2
10	1	"Dark Knight"		48	3000	0	150	155	80	0	240	70	3	0	1	5	400	1400	10	2	200	14	3	0	3	3	3	5
18	1	"Gorgon"		55	6000	0	165	175	100	0	275	82	3	0	1	7	400	1600	150	2	160	14	3	0	6	6	6	6

// Atlans
//-------------------------------------------------------------------------------------------------------------------------------------------------------------------------------------------------------------------------------------------
//Numb	Rate	Name			Level	HP	MP    MinDmg  MaxDmg   Def    MagDef  Attack Success   Move  AttType  Range    View  MoveSpeed AttSpeed	Regen	Attri	ItemR	MoneyR	MaxI ResWind ResPois  ResIce ResWater ResFire
//-------------------------------------------------------------------------------------------------------------------------------------------------------------------------------------------------------------------------------------------
45	1	"Bahamut"		43	2400	0	130	140	65	0	215	52	2	0	1	4	400	1600	8	2	185	14	3	0	1	1	1	1	
46	1	"Vepar"			45	2800	0	135	145	70	0	225	58	3	17	4	7	400	1600	8	2	185	14	3	0	2	2	3	2	
47	1	"Valkyrie"		46	3200	0	140	150	75	0	230	64	3	0	5	7	400	1800	8	2	185	14	3	0	6	2	2	2	
51	1	"Great Bahamut"		66	7000	0	210	230	150	0	330	98	3	0	2	7	400	1600	15	2	175	14	3	0	6	6	6	6	
52	1	"Silver Valkyrie"	68	8000	0	230	260	170	0	340	110	3	7	4	7	400	1600	15	2	175	14	3	0	7	7	7	7	
48	1	"Lizard King"		70	9000	0	240	270	180	0	350	115	3	3	3	7	400	1600	15	2	175	14	3	0	7	7	7	7	
49	1	"Hydra"			74	19000	0	250	310	200	0	430	125	3	150	4	7	400	1400	150	2	175	14	3	0	12	12	12	12	

// Lost Tower
//-------------------------------------------------------------------------------------------------------------------------------------------------------------------------------------------------------------------------------------------
//Numb	Rate	Name			Level	HP	MP    MinDmg  MaxDmg   Def    MagDef  Attack Success   Move  AttType  Range    View  MoveSpeed AttSpeed	Regen	Attri	ItemR	MoneyR	MaxI ResWind ResPois  ResIce ResWater ResFire
//-------------------------------------------------------------------------------------------------------------------------------------------------------------------------------------------------------------------------------------------
36	1	"Shadow"		47	2800	0	148	153	78	0	235	67	3	0	1	5	400	1400	10	2	200	14	3	0	3	3	3	5	
39	1	"Poison Shadow"		50	3500	0	155	160	85	0	250	73	3	1	1	5	400	1400	10	2	200	14	3	0	6	4	4	6	
34	1	"Cursed Wizard"		54	4000	0	160	170	95	0	270	80	3	2	4	7	400	2000	10	2	200	14	3	0	5	5	7	7	
41	1	"Death Cow"		57	4500	0	170	180	110	0	285	85	3	0	1	7	400	1600	10	2	200	14	3	0	5	5	5	7	
37	1	"Devil"			60	5000	0	180	195	115	0	300	88	3	3	4	7	400	2000	10	2	200	14	3	0	5	5	5	7	
40	1	"Death Knight"		62	5500	0	190	200	120	0	310	91	3	0	1	7	400	1800	10	2	200	14	3	0	6	6	6	7
35	1	"Death Gorgon"		64	6000	0	200	210	130	0	320	94	3	150	1	7	400	2000	10	2	180	14	3	0	6	6	6	8
38	1	"Balrog"		66	9000	0	220	240	160	0	330	99	3	150	2	7	400	1600	150	2	160	14	3	0	10	10	10	15	

// Tarkan
//-------------------------------------------------------------------------------------------------------------------------------------------------------------------------------------------------------------------------------------------
//Numb	Rate	Name			Level	HP	MP    MinDmg  MaxDmg   Def    MagDef  Attack Success   Move  AttType  Range    View  MoveSpeed AttSpeed	Regen	Attri	ItemR	MoneyR	MaxI ResWind ResPois  ResIce ResWater ResFire
//-------------------------------------------------------------------------------------------------------------------------------------------------------------------------------------------------------------------------------------------
62	1	"Mutant"		72	10000	0	250	280	190	0	365	120	3	0	1	7	400	1400	10	2	170	30	3	0	8	8	8	8	
60	1	"Bloody Wolf"		76	13500	0	260	300	200	0	410	130	3	0	2	7	400	1400	10	2	170	30	3	0	8	8	8	8	
57	1	"Iron Wheel"		80	17000	0	280	330	215	0	446	150	3	0	4	7	400	1400	10	2	160	30	3	0	9	9	9	9	
58	1	"Tantallos"		83	22000	0	335	385	250	0	500	175	3	150	2	7	400	1400	20	2	160	30	3	0	9	9	9	9	
61	1	"Vim Knight"		84	25000	0	375	425	275	0	530	190	3	17	4	7	400	1400	20	2	160	30	3	0	10	10	10	10	
59	1	"Zaikan"		90	34000	0	510	590	400	0	550	185	3	150	5	7	400	1400	150	2	160	30	3	0	13	13	13	15	
63	1	"Death Beam Knight"	93	40000	0	590	650	420	0	575	220	3	150	5	7	400	1400	150	2	130	30	3	0	13	13	13	17	

// Icarus
//-------------------------------------------------------------------------------------------------------------------------------------------------------------------------------------------------------------------------------------------
//Numb	Rate	Name			Level	HP	MP    MinDmg  MaxDmg   Def    MagDef  Attack Success   Move  AttType  Range    View  MoveSpeed AttSpeed	Regen	Attri	ItemR	MoneyR	MaxI ResWind ResPois  ResIce ResWater ResFire
//-------------------------------------------------------------------------------------------------------------------------------------------------------------------------------------------------------------------------------------------
69	1	"Aquamos"		75	11500	0	255	290	195	0	385	125	3	17	5	5	400	1400	10	2	160	14	3	0	9	9	11	9	
71	1	"Mega Crust"		78	15000	0	270	320	210	0	430	140	3	0	1	5	400	1400	10	2	160	14	3	0	9	9	12	9	
70	1	"Queen Rainer"		82	19000	0	305	350	230	0	475	160	3	17	3	5	400	1400	10	2	160	14	3	0	9	11	12	9	
73	1	"Drakan"		86	29000	0	425	480	305	0	570	210	3	150	5	5	400	1400	20	2	160	14	3	0	12	12	13	12	
74	1	"Alpha Crust"		92	34500	0	489	540	360	0	620	240	3	0	1	5	400	1400	10	2	160	14	3	0	13	13	14	13	
72	1	"Phantom Knight"	96	41000	0	560	610	425	0	690	270	3	150	2	5	400	1400	30	2	150	14	3	0	14	14	16	14	
75	1	"Red Drakan"		100	50000	0	650	700	495	0	800	305	3	150	5	5	400	1400	30	2	140	14	3	0	15	15	17	18	
76	1	"Dark Phoenix Shield"	106	73000	0	850	960	580	0	840	305	3	3	3	5	400	1400	10	2	190	14	3	0	30	30	35	30	
77	1	"Phoenix of Darkness"	108	95000	0	950	1000	600	0	900	350	1	150	6	7	400	1500	150	2	120	14	4	0	30	30	35	30	

// Arena
//-------------------------------------------------------------------------------------------------------------------------------------------------------------------------------------------------------------------------------------------
//Numb	Rate	Name			Level	HP	MP    MinDmg  MaxDmg   Def    MagDef  Attack Success   Move  AttType  Range    View  MoveSpeed AttSpeed	Regen	Attri	ItemR	MoneyR	MaxI ResWind ResPois  ResIce ResWater ResFire
//-------------------------------------------------------------------------------------------------------------------------------------------------------------------------------------------------------------------------------------------
200	1	"Soccerball"		12	1000	0	150	200	0	0	60	500	0	0	4	1	500	1000	3	1	200	10	0	0	0	0	0	0	

// Devil Square
//-------------------------------------------------------------------------------------------------------------------------------------------------------------------------------------------------------------------------------------------
//Numb	Rate	Name			Level	HP	MP    MinDmg  MaxDmg   Def    MagDef  Attack Success   Move  AttType  Range    View  MoveSpeed AttSpeed	Regen	Attri	ItemR	MoneyR	MaxI ResWind ResPois  ResIce ResWater ResFire
//-------------------------------------------------------------------------------------------------------------------------------------------------------------------------------------------------------------------------------------------
64	1	"Orc Archer"		70	10000	0	220	250	170	0	350	115	3	0	4	7	400	1600	10	2	200	14	3	0	7	7	7	7	
65	1	"Elite Orc"		74	14000	0	260	290	190	0	400	125	3	150	1	7	400	2000	100	2	180	14	3	0	8	8	8	8	
67	1	"Metal Balrog"		77	26000	0	300	360	220	0	385	150	3	150	2	7	400	1600	200	2	160	14	3	0	9	9	9	9	
66	1	"Cursed King"		86	38000	0	500	570	350	0	525	200	3	150	4	7	400	1400	70	2	200	30	3	0	17	17	17	17	
434	1	"Gigantis"		105	30000	0	475	510	360	0	715	270	3	0	2	7	500	1500	10	2	135	0	3	0	25	25	25	25	
435	1	"Berserk"		106	33000	0	500	540	410	0	750	280	3	0	2	7	800	1700	10	2	110	0	3	0	50	50	50	50	
436	1	"Balram (Trainee)"	117	37000	0	560	600	460	0	800	320	6	0	4	7	500	1500	10	2	150	14	3	0	23	23	23	23	
437	1	"Soram (Trainee)"	119	40000	0	610	650	510	0	835	330	6	0	2	7	500	1500	10	2	150	14	3	0	25	25	25	25	
438	1	"Persona"		121	50000	0	640	680	560	0	935	370	3	0	5	7	500	1600	10	2	130	0	3	0	29	29	29	29	
439	1	"Dreadfear"		123	55000	0	700	740	610	0	1015	380	3	0	2	5	500	1500	10	2	130	0	3	0	27	27	27	27	
440	1	"Dark Elf"		135	75000	0	850	900	690	0	1300	430	6	0	6	10	700	1700	10	2	150	14	4	0	23	23	23	23	

// Others
//-------------------------------------------------------------------------------------------------------------------------------------------------------------------------------------------------------------------------------------------
//Numb	Rate	Name			Level	HP	MP    MinDmg  MaxDmg   Def    MagDef  Attack Success   Move  AttType  Range    View  MoveSpeed AttSpeed	Regen	Attri	ItemR	MoneyR	MaxI ResWind ResPois  ResIce ResWater ResFire
//-------------------------------------------------------------------------------------------------------------------------------------------------------------------------------------------------------------------------------------------
365	1	"Fortune Pouch"		149	25000	0	0	0	200	0	0	100	10	0	0	1	100	0	10	1	200	10	0	0	254	254	254	254	

// Blood Castle NPC
//-------------------------------------------------------------------------------------------------------------------------------------------------------------------------------------------------------------------------------------------
//Numb	Rate	Name			Level	HP	MP    MinDmg  MaxDmg   Def    MagDef  Attack Success   Move  AttType  Range    View  MoveSpeed AttSpeed	Regen	Attri	ItemR	MoneyR	MaxI ResWind ResPois  ResIce ResWater ResFire
//-------------------------------------------------------------------------------------------------------------------------------------------------------------------------------------------------------------------------------------------
131	1	"Castle Gate"		0	2000	0	0	0	0	0	0	0	0	0	0	0	0	0	0	0	0	0	0	0	100	100	100	100
132	1	"Statue of Saint"	0	3000	0	0	0	0	0	0	0	0	0	0	0	0	0	0	0	0	0	0	0	100	100	100	100
133	1	"Statue of Saint"	0	3000	0	0	0	0	0	0	0	0	0	0	0	0	0	0	0	0	0	0	0	100	100	100	100
134	1	"Statue of Saint"	0	3000	0	0	0	0	0	0	0	0	0	0	0	0	0	0	0	0	0	0	0	100	100	100	100

// Blood Castle 1
//-------------------------------------------------------------------------------------------------------------------------------------------------------------------------------------------------------------------------------------------
//Numb	Rate	Name			Level	HP	MP    MinDmg  MaxDmg   Def    MagDef  Attack Success   Move  AttType  Range    View  MoveSpeed AttSpeed	Regen	Attri	ItemR	MoneyR	MaxI ResWind ResPois  ResIce ResWater ResFire
//-------------------------------------------------------------------------------------------------------------------------------------------------------------------------------------------------------------------------------------------
84	1	"King Orc"		33	1100	0	100	120	55	0	190	45	3	0	1	3	400	2000	10	2	300	200	3	0	0	0	0	0
85	1	"Orc Archer"		37	1400	0	110	130	65	0	210	49	3	0	5	7	400	1600	10	2	300	200	3	0	0	0	0	0
86	1	"Spirit Soldier"	41	1700	0	120	140	75	0	230	61	3	0	1	3	400	2000	10	2	250	150	3	0	0	0	0	0
87	1	"Spirit Beast"		44	2100	0	130	150	85	0	250	73	3	17	5	7	400	1600	10	2	250	150	3	0	0	0	0	0
88	1	"Spirit Knight"		47	2800	0	140	160	95	0	270	77	3	0	1	3	400	2000	10	2	200	100	3	0	0	0	0	0
89	1	"Spirit Sorcerer"	51	3700	0	150	180	115	0	300	88	4	150	4	6	400	1600	10	2	150	50	4	0	3	3	3	3

// Blood Castle 2
//-------------------------------------------------------------------------------------------------------------------------------------------------------------------------------------------------------------------------------------------
//Numb	Rate	Name			Level	HP	MP    MinDmg  MaxDmg   Def    MagDef  Attack Success   Move  AttType  Range    View  MoveSpeed AttSpeed	Regen	Attri	ItemR	MoneyR	MaxI ResWind ResPois  ResIce ResWater ResFire
//-------------------------------------------------------------------------------------------------------------------------------------------------------------------------------------------------------------------------------------------
90	1	"King Orc"		49	3500	0	140	170	90	0	250	76	3	0	1	3	400	2000	10	2	300	200	3	0	1	1	1	1
91	1	"Orc Archer"		53	4100	0	150	180	100	0	275	80	3	0	5	7	400	1600	10	2	300	200	3	0	1	1	1	1
92	1	"Spirit Soldier"	56	5000	0	160	190	115	0	300	88	3	0	1	3	400	2000	10	2	250	150	3	0	1	1	1	1
93	1	"Spirit Beast"		60	6000	0	175	210	130	0	320	95	3	17	5	7	400	1600	10	2	250	150	3	0	1	1	1	1
94	1	"Spirit Knight"		64	7000	0	185	220	170	0	360	110	3	0	1	3	400	2000	10	2	200	100	3	0	1	1	1	1
95	1	"Spirit Sorcerer"	69	8000	0	200	240	190	0	400	130	4	150	4	6	400	1800	10	2	150	50	4	0	4	4	4	4

// Blood Castle 3
//-------------------------------------------------------------------------------------------------------------------------------------------------------------------------------------------------------------------------------------------
//Numb	Rate	Name			Level	HP	MP    MinDmg  MaxDmg   Def    MagDef  Attack Success   Move  AttType  Range    View  MoveSpeed AttSpeed	Regen	Attri	ItemR	MoneyR	MaxI ResWind ResPois  ResIce ResWater ResFire
//-------------------------------------------------------------------------------------------------------------------------------------------------------------------------------------------------------------------------------------------
96	1	"King Orc"		56	5000	0	160	180	110	0	300	85	3	0	1	3	400	2000	10	2	300	200	3	0	2	2	2	2
97	1	"Orc Archer"		61	6500	0	180	200	120	0	330	93	3	0	5	7	400	1600	10	2	300	200	3	0	2	2	2	2
98	1	"Spirit Soldier"	66	8000	0	190	220	150	0	360	98	3	0	1	3	400	2000	10	2	250	150	3	0	2	2	2	2
99	1	"Spirit Beast"		70	9500	0	210	240	180	0	400	115	3	17	5	7	400	1600	10	2	250	150	3	0	2	2	2	2
111	1	"Spirit Knight"		74	12000	0	220	260	190	0	440	130	3	0	1	3	400	2000	10	2	200	100	3	0	2	2	2	2
112	1	"Spirit Sorcerer"	79	15000	0	230	280	240	0	500	180	4	150	4	6	400	1800	10	2	150	50	4	0	5	5	5	5

// Blood Castle 4
//-------------------------------------------------------------------------------------------------------------------------------------------------------------------------------------------------------------------------------------------
//Numb	Rate	Name			Level	HP	MP    MinDmg  MaxDmg   Def    MagDef  Attack Success   Move  AttType  Range    View  MoveSpeed AttSpeed	Regen	Attri	ItemR	MoneyR	MaxI ResWind ResPois  ResIce ResWater ResFire
//-------------------------------------------------------------------------------------------------------------------------------------------------------------------------------------------------------------------------------------------
113	1	"King Orc"		64	7500	0	180	220	150	0	340	98	3	0	1	3	400	2000	10	2	300	200	3	0	4	4	4	4
114	1	"Orc Archer"		69	9500	0	200	240	170	0	380	110	3	0	5	7	400	1600	10	2	300	200	3	0	4	4	4	4
115	1	"Spirit Soldier"	75	12000	0	220	260	190	0	440	130	3	0	1	3	400	2000	10	2	250	150	3	0	4	4	4	4
116	1	"Spirit Beast"		79	15000	0	250	290	210	0	500	150	3	17	5	7	400	1600	10	2	250	150	3	0	4	4	4	4
117	1	"Spirit Knight"		82	18000	0	270	320	290	0	560	170	3	0	1	3	400	2000	10	2	200	100	3	0	4	4	4	4
118	1	"Spirit Sorcerer"	84	24000	0	300	350	360	0	640	200	4	150	4	6	400	1800	10	2	150	50	4	0	7	7	7	7

// Blood Castle 5
//-------------------------------------------------------------------------------------------------------------------------------------------------------------------------------------------------------------------------------------------
//Numb	Rate	Name			Level	HP	MP    MinDmg  MaxDmg   Def    MagDef  Attack Success   Move  AttType  Range    View  MoveSpeed AttSpeed	Regen	Attri	ItemR	MoneyR	MaxI ResWind ResPois  ResIce ResWater ResFire
//-------------------------------------------------------------------------------------------------------------------------------------------------------------------------------------------------------------------------------------------
119	1	"King Orc"		70	12000	0	210	270	185	0	380	125	3	0	1	3	400	2000	10	2	300	200	3	0	5	5	5	5
120	1	"Orc Archer"		75	15000	0	240	300	190	0	420	130	3	0	5	7	400	1600	10	2	300	200	3	0	5	5	5	5
121	1	"Spirit Soldier"	80	19000	0	280	340	220	0	470	175	3	0	1	3	400	2000	10	2	250	150	3	0	5	5	5	5
122	1	"Spirit Beast"		85	23000	0	340	390	300	0	520	190	3	17	5	7	400	1600	10	2	250	150	3	0	5	5	5	5
123	1	"Spirit Knight"		87	26000	0	370	410	400	0	650	200	3	0	1	3	400	2000	10	2	200	100	3	0	5	5	5	5
124	1	"Spirit Sorcerer"	90	32000	0	400	460	450	0	720	260	4	150	4	6	400	1800	10	2	150	50	4	0	8	8	8	8

// Blood Castle 6
//-------------------------------------------------------------------------------------------------------------------------------------------------------------------------------------------------------------------------------------------
//Numb	Rate	Name			Level	HP	MP    MinDmg  MaxDmg   Def    MagDef  Attack Success   Move  AttType  Range    View  MoveSpeed AttSpeed	Regen	Attri	ItemR	MoneyR	MaxI ResWind ResPois  ResIce ResWater ResFire
//-------------------------------------------------------------------------------------------------------------------------------------------------------------------------------------------------------------------------------------------
125	1	"King Orc"		76	17000	0	260	290	210	0	460	150	3	0	1	3	400	2000	10	2	300	200	3	0	6	6	6	6
126	1	"Orc Archer"		81	20000	0	320	350	270	0	520	160	3	0	5	7	400	1600	10	2	300	200	3	0	6	6	6	6
127	1	"Spirit Soldier"	86	25000	0	390	420	360	0	580	195	3	0	1	3	400	2000	10	2	250	150	3	0	6	6	6	6
128	1	"Spirit Beast"		90	32000	0	440	500	400	0	660	230	3	17	5	7	400	1600	10	2	250	150	3	0	6	6	6	6
129	1	"Spirit Knight"		94	38000	0	480	540	450	0	720	260	3	0	1	3	400	2000	10	2	200	100	3	0	6	6	6	6
130	1	"Spirit Sorcerer"	99	47000	0	530	580	500	0	840	280	4	150	4	6	400	1800	10	2	150	50	4	0	9	9	9	9

// Blood Castle 7
//-------------------------------------------------------------------------------------------------------------------------------------------------------------------------------------------------------------------------------------------
//Numb	Rate	Name			Level	HP	MP    MinDmg  MaxDmg   Def    MagDef  Attack Success   Move  AttType  Range    View  MoveSpeed AttSpeed	Regen	Attri	ItemR	MoneyR	MaxI ResWind ResPois  ResIce ResWater ResFire
//-------------------------------------------------------------------------------------------------------------------------------------------------------------------------------------------------------------------------------------------
138	1	"King Orc"		85	23000	0	340	390	340	0	520	190	3	0	1	3	400	2000	10	2	300	200	3	0	7	7	7	7
139	1	"Orc Archer"		87	26000	0	390	430	380	0	590	200	3	0	5	7	400	1600	10	2	300	200	3	0	7	7	7	7
140	1	"Spirit Soldier"	90	32000	0	430	480	400	0	660	230	3	0	1	3	400	2000	10	2	250	150	3	0	7	7	7	7
141	1	"Spirit Beast"		93	37000	0	470	520	440	0	730	250	3	17	5	7	400	1600	10	2	250	150	3	0	7	7	7	7
142	1	"Spirit Knight"		98	45000	0	510	560	490	0	800	270	3	0	1	3	400	2000	10	2	200	100	3	0	7	7	7	7
143	1	"Spirit Sorcerer"	102	55000	0	560	600	550	0	870	310	4	150	4	6	400	1800	10	2	150	50	4	0	10	10	10	10

// Blood Castle 8
//-------------------------------------------------------------------------------------------------------------------------------------------------------------------------------------------------------------------------------------------
//Numb	Rate	Name			Level	HP	MP    MinDmg  MaxDmg   Def    MagDef  Attack Success   Move  AttType  Range    View  MoveSpeed AttSpeed	Regen	Attri	ItemR	MoneyR	MaxI ResWind ResPois  ResIce ResWater ResFire
//-------------------------------------------------------------------------------------------------------------------------------------------------------------------------------------------------------------------------------------------
428	1	"King Orc"		105	29000	0	475	510	440	0	570	250	3	0	1	3	400	2000	10	2	300	200	3	0	8	8	8	8	
429	1	"Orc Archer"		106	32000	0	510	555	480	0	640	260	3	0	5	7	400	1600	10	2	300	200	3	0	8	8	8	8	
430	1	"Spirit Soldier"	110	37000	0	600	650	500	0	710	300	3	0	1	3	400	2000	10	2	250	150	3	0	8	8	8	8	
431	1	"Spirit Beast"		112	45000	0	645	690	540	0	780	310	3	17	5	7	400	1600	10	2	250	150	3	0	8	8	8	8	
432	1	"Spirit Knight"		119	55000	0	780	820	600	0	850	360	3	0	1	3	400	2000	10	2	200	100	3	0	8	8	8	8	
433	1	"Spirit Sorcerer"	125	65000	0	830	865	680	0	920	370	4	150	4	6	400	1800	10	2	150	50	4	0	11	11	11	11	

// Chaos Castle
//-------------------------------------------------------------------------------------------------------------------------------------------------------------------------------------------------------------------------------------------
//Numb	Rate	Name			Level	HP	MP    MinDmg  MaxDmg   Def    MagDef  Attack Success   Move  AttType  Range    View  MoveSpeed AttSpeed	Regen	Attri	ItemR	MoneyR	MaxI ResWind ResPois  ResIce ResWater ResFire
//-------------------------------------------------------------------------------------------------------------------------------------------------------------------------------------------------------------------------------------------
162	1	"Chaos Castle 1"	30	700	0	70	90	30	0	160	20	50	0	1	7	400	2000	10	2	300	200	3	0	0	0	0	0	
163	1	"Chaos Castle 1"	32	800	0	80	100	40	0	180	30	50	17	6	7	400	1600	10	2	300	200	3	0	0	0	0	0	
164	1	"Chaos Castle 2"	40	1600	0	132	135	75	0	225	60	50	0	1	7	400	2000	10	2	300	200	3	0	1	1	1	1	
165	1	"Chaos Castle 2"	45	2700	0	150	150	90	0	250	70	50	17	6	7	400	1600	10	2	300	200	3	0	1	1	1	1	
166	1	"Chaos Castle 3"	54	4000	0	168	165	105	0	270	80	50	0	1	7	400	2000	10	2	300	200	3	0	2	2	2	2	
167	1	"Chaos Castle 3"	60	5000	0	180	180	120	0	290	90	50	17	6	7	400	1600	10	2	300	200	3	0	2	2	2	2	
168	1	"Chaos Castle 4"	65	6500	0	185	210	145	0	320	110	50	0	1	7	400	2000	10	2	300	200	3	0	4	4	4	4	
169	1	"Chaos Castle 4"	68	8000	0	205	230	160	0	350	120	50	17	6	7	400	1600	10	2	300	200	3	0	4	4	4	4	
170	1	"Chaos Castle 5"	70	10000	0	215	240	170	0	370	120	50	0	1	7	400	2000	10	2	300	200	3	0	5	5	5	5	
171	1	"Chaos Castle 5"	75	12500	0	235	260	190	0	400	130	50	17	6	7	400	1600	10	2	300	200	3	0	5	5	5	5	
172	1	"Chaos Castle 6"	76	15000	0	255	280	215	0	430	140	50	0	1	7	400	2000	10	2	300	200	3	0	6	6	6	6	
173	1	"Chaos Castle 6"	80	18000	0	280	300	240	0	470	150	50	17	6	7	400	1600	10	2	300	200	3	0	6	6	6	6	
426	1	"Chaos Castle 7"	111	20000	0	300	345	245	0	480	190	50	0	1	7	400	2000	10	2	300	200	3	0	7	7	7	7	
427	1	"Chaos Castle 7"	114	23000	0	330	380	280	0	520	200	50	17	6	7	400	1600	10	2	300	200	3	0	7	7	7	7	

// Kalima Gates
//-------------------------------------------------------------------------------------------------------------------------------------------------------------------------------------------------------------------------------------------
//Numb	Rate	Name			Level	HP	MP    MinDmg  MaxDmg   Def    MagDef  Attack Success   Move  AttType  Range    View  MoveSpeed AttSpeed	Regen	Attri	ItemR	MoneyR	MaxI ResWind ResPois  ResIce ResWater ResFire
//-------------------------------------------------------------------------------------------------------------------------------------------------------------------------------------------------------------------------------------------
152	1	"Magic stone of %s"	10	50	0	0	0	0	0	0	0	0	0	0	0	0	0	0	2	0	0	0	0	0	0	0	0
153	1	"Magic stone of %s"	10	50	0	0	0	0	0	0	0	0	0	0	0	0	0	0	2	0	0	0	0	0	0	0	0
154	1	"Magic stone of %s"	10	50	0	0	0	0	0	0	0	0	0	0	0	0	0	0	2	0	0	0	0	0	0	0	0
155	1	"Magic stone of %s"	10	50	0	0	0	0	0	0	0	0	0	0	0	0	0	0	2	0	0	0	0	0	0	0	0
156	1	"Magic stone of %s"	10	50	0	0	0	0	0	0	0	0	0	0	0	0	0	0	2	0	0	0	0	0	0	0	0
157	1	"Magic stone of %s"	10	50	0	0	0	0	0	0	0	0	0	0	0	0	0	0	2	0	0	0	0	0	0	0	0
158	1	"Magic stone of %s"	10	50	0	0	0	0	0	0	0	0	0	0	0	0	0	0	2	0	0	0	0	0	0	0	0

// Kalima 1
//-------------------------------------------------------------------------------------------------------------------------------------------------------------------------------------------------------------------------------------------
//Numb	Rate	Name			Level	HP	MP    MinDmg  MaxDmg   Def    MagDef  Attack Success   Move  AttType  Range    View  MoveSpeed AttSpeed	Regen	Attri	ItemR	MoneyR	MaxI ResWind ResPois  ResIce ResWater ResFire
//-------------------------------------------------------------------------------------------------------------------------------------------------------------------------------------------------------------------------------------------
147	1	"Aegis"			17	440	0	55	62	17	0	75	17	3	17	1	7	500	1500	10	2	180	0	3	0	8	8	8	8	
148	1	"Lord Centurion"	19	500	0	60	67	20	0	80	18	3	17	2	5	500	1500	10	2	180	0	3	0	9	9	9	9	
146	1	"Blood Soldier"		21	600	0	70	77	25	0	88	20	3	17	6	7	500	1500	10	2	180	0	3	0	10	10	10	10	
144	1	"Death Angel"		24	740	0	80	87	30	0	100	24	3	17	6	7	500	1500	10	2	160	0	3	0	11	11	11	11	
149	1	"Necron"		28	900	0	95	102	38	0	118	30	3	17	2	5	500	1500	10	2	160	0	3	0	12	12	12	12	
145	1	"Death Centurion"	33	1250	0	110	117	50	0	145	39	3	17	6	7	500	1500	10	2	160	0	3	0	13	13	13	13	
160	1	"Schriker"		40	1800	0	130	137	66	0	180	50	3	17	6	7	500	1600	10	2	160	0	4	0	14	14	14	14	
161	1	"Illusion of Kundun"	52	3000	0	165	172	90	0	255	70	3	150	10	7	800	1700	10800	2	140	0	4	0	30	30	30	30	

// Kalima 2
//-------------------------------------------------------------------------------------------------------------------------------------------------------------------------------------------------------------------------------------------
//Numb	Rate	Name			Level	HP	MP    MinDmg  MaxDmg   Def    MagDef  Attack Success   Move  AttType  Range    View  MoveSpeed AttSpeed	Regen	Attri	ItemR	MoneyR	MaxI ResWind ResPois  ResIce ResWater ResFire
//-------------------------------------------------------------------------------------------------------------------------------------------------------------------------------------------------------------------------------------------
177	1	"Aegis"			32	1000	0	105	112	42	0	135	33	3	17	1	7	500	1500	10	2	180	0	3	0	11	11	11	11	
178	1	"Lord Centurion"	34	1200	0	112	119	45	0	147	36	3	17	2	5	500	1500	10	2	180	0	3	0	12	12	12	12	
176	1	"Blood Soldier"		37	1400	0	120	127	50	0	163	40	3	17	6	7	500	1500	10	2	180	0	3	0	13	13	13	13	
174	1	"Death Angel"		40	1800	0	130	137	57	0	182	45	3	17	6	7	500	1500	10	2	160	0	3	0	14	14	14	14	
179	1	"Necron"		44	2300	0	140	147	68	0	205	50	3	17	2	5	500	1500	10	2	160	0	3	0	15	15	15	15	
175	1	"Death Centurion"	48	3000	0	155	162	81	0	235	58	3	17	6	7	500	1500	10	2	160	0	3	0	16	16	16	16	
180	1	"Schriker"		53	3900	0	180	187	100	0	275	67	3	17	6	7	500	1600	10	2	160	0	4	0	17	17	17	17	
181	1	"Illusion of Kundun"	65	6000	0	220	227	140	0	355	100	3	150	10	7	800	1700	10800	2	140	0	4	0	35	35	35	35	

// Kalima 3
//-------------------------------------------------------------------------------------------------------------------------------------------------------------------------------------------------------------------------------------------
//Numb	Rate	Name			Level	HP	MP    MinDmg  MaxDmg   Def    MagDef  Attack Success   Move  AttType  Range    View  MoveSpeed AttSpeed	Regen	Attri	ItemR	MoneyR	MaxI ResWind ResPois  ResIce ResWater ResFire
//-------------------------------------------------------------------------------------------------------------------------------------------------------------------------------------------------------------------------------------------
185	1	"Aegis"			46	2700	0	145	155	73	0	220	54	3	17	1	7	500	1500	10	2	170	0	3	0	14	14	14	14	
186	1	"Lord Centurion"	48	3100	0	152	162	80	0	232	56	3	17	2	5	500	1500	10	2	170	0	3	0	15	15	15	15	
184	1	"Blood Soldier"		50	3650	0	160	170	90	0	250	60	3	17	6	7	500	1500	10	2	170	0	3	0	16	16	16	16	
182	1	"Death Angel"		53	4400	0	175	185	105	0	273	67	3	17	6	7	500	1500	10	2	150	0	3	0	17	17	17	17	
187	1	"Necron"		58	5300	0	195	205	126	0	296	77	3	17	2	5	500	1500	10	2	150	0	3	0	18	18	18	18	
183	1	"Death Centurion"	63	6600	0	225	235	150	0	325	92	3	17	6	7	500	1500	10	2	150	0	3	0	19	19	19	19	
188	1	"Schriker"		69	8400	0	260	270	180	0	365	110	3	17	6	7	500	1600	10	2	150	0	4	0	20	20	20	20	
189	1	"Illusion of Kundun"	81	14000	0	350	360	255	0	460	160	3	150	10	7	800	1700	10800	2	130	0	4	0	40	40	40	40	

// Kalima 4
//-------------------------------------------------------------------------------------------------------------------------------------------------------------------------------------------------------------------------------------------
//Numb	Rate	Name			Level	HP	MP    MinDmg  MaxDmg   Def    MagDef  Attack Success   Move  AttType  Range    View  MoveSpeed AttSpeed	Regen	Attri	ItemR	MoneyR	MaxI ResWind ResPois  ResIce ResWater ResFire
//-------------------------------------------------------------------------------------------------------------------------------------------------------------------------------------------------------------------------------------------
193	1	"Aegis"			62	6000	0	215	235	140	0	310	87	3	17	1	7	500	1500	10	2	160	0	3	0	17	17	17	17	
194	1	"Lord Centurion"	66	6900	0	230	250	150	0	330	95	3	17	2	5	500	1500	10	2	160	0	3	0	18	18	18	18	
192	1	"Blood Soldier"		70	8800	0	245	265	165	0	360	105	3	17	6	7	500	1500	10	2	160	0	3	0	19	19	19	19	
190	1	"Death Angel"		74	12000	0	270	295	185	0	397	120	3	17	6	7	500	1500	10	2	140	0	3	0	20	20	20	20	
195	1	"Necron"		78	16000	0	305	330	215	0	440	145	3	17	2	5	500	1500	10	2	140	0	3	0	21	21	21	21	
191	1	"Death Centurion"	83	22500	0	350	375	255	0	500	175	3	17	6	7	500	1500	10	2	140	0	3	0	22	22	22	22	
196	1	"Schriker"		88	30000	0	410	435	300	0	575	215	3	17	6	7	500	1600	10	2	140	0	4	0	23	23	23	23	
197	1	"Illusion of Kundun"	100	50000	0	600	625	500	0	780	295	3	150	10	7	800	1700	10800	2	120	0	4	0	45	45	45	45	

// Kalima 5
//-------------------------------------------------------------------------------------------------------------------------------------------------------------------------------------------------------------------------------------------
//Numb	Rate	Name			Level	HP	MP    MinDmg  MaxDmg   Def    MagDef  Attack Success   Move  AttType  Range    View  MoveSpeed AttSpeed	Regen	Attri	ItemR	MoneyR	MaxI ResWind ResPois  ResIce ResWater ResFire
//-------------------------------------------------------------------------------------------------------------------------------------------------------------------------------------------------------------------------------------------
263	1	"Aegis"			79	18000	0	310	340	230	0	460	163	3	17	1	7	500	1500	10	2	155	0	3	0	20	20	20	20	
264	1	"Lord Centurion"	82	21000	0	335	365	250	0	490	168	3	17	2	5	500	1500	10	2	155	0	3	0	21	21	21	21	
262	1	"Blood Soldier"		85	26000	0	365	395	280	0	540	177	3	17	6	7	500	1500	10	2	155	0	3	0	22	22	22	22	
260	1	"Death Angel"		88	31000	0	408	443	315	0	587	195	3	17	6	7	500	1500	10	2	135	0	3	0	23	23	23	23	
265	1	"Necron"		93	38500	0	470	505	370	0	645	220	3	17	2	5	500	1500	10	2	135	0	3	0	24	24	24	24	
261	1	"Death Centurion"	98	48000	0	546	581	430	0	715	250	3	17	6	7	500	1500	10	2	135	0	3	0	25	25	25	25	
266	1	"Schriker"		105	60000	0	640	675	515	0	810	290	3	17	6	7	500	1600	10	2	135	0	4	0	26	26	26	26	
267	1	"Illusion of Kundun"	117	100000	0	835	870	680	0	1000	360	3	150	10	7	800	1700	10800	2	110	0	4	0	50	50	50	50	

// Kalima 6
//-------------------------------------------------------------------------------------------------------------------------------------------------------------------------------------------------------------------------------------------
//Numb	Rate	Name			Level	HP	MP    MinDmg  MaxDmg   Def    MagDef  Attack Success   Move  AttType  Range    View  MoveSpeed AttSpeed	Regen	Attri	ItemR	MoneyR	MaxI ResWind ResPois  ResIce ResWater ResFire
//-------------------------------------------------------------------------------------------------------------------------------------------------------------------------------------------------------------------------------------------
271	1	"Aegis"	               95	42000	0	520	550	410	0	655	230	3	17	1	7	500	1500	10	2	150	0	3	0	23	23	23	23	
272	1	"Lord Centurion"       98	48500	0	540	570	432	0	680	240	3	17	2	5	500	1500	10	2	150	0	3	0	24	24	24	24	
270	1	"Blood Soldier"	       101	56000	0	570	600	460	0	713	255	3	17	6	7	500	1500	10	2	150	0	3	0	25	25	25	25	
268	1	"Death Angel"	       105	65000	0	610	645	500	0	760	275	3	17	6	7	500	1500	10	2	130	0	3	0	26	26	26	26	
273	1	"Necron"	       109	75500	0	672	707	550	0	820	303	3	17	2	5	500	1500	10	2	130	0	3	0	27	27	27	27	
269	1	"Death Centurion"      114	87500	0	753	788	620	0	900	335	3	17	6	7	500	1500	10	2	130	0	3	0	28	28	28	28	
274	1	"Schriker"	       119	105000	0	850	885	710	0	1000	370	3	17	6	7	500	1600	10	2	130	0	4	0	29	29	29	29	
338	1	"Illusion Kundun"      140	1400000	0	10700	11050	892	0	1200	450	3	150	10	7	800	1700	3600	2	100	0	4	0	60	60	60	60	

// Kalima 7
//-------------------------------------------------------------------------------------------------------------------------------------------------------------------------------------------------------------------------------------------
//Numb	Rate	Name			Level	HP	MP    MinDmg  MaxDmg   Def    MagDef  Attack Success   Move  AttType  Range    View  MoveSpeed AttSpeed	Regen	Attri	ItemR	MoneyR	MaxI ResWind ResPois  ResIce ResWater ResFire
//-------------------------------------------------------------------------------------------------------------------------------------------------------------------------------------------------------------------------------------------
331	1	"Aegis"			111	82000	0	712	752	584	0	850	315	3	17	1	7	500	1500	10	2	150	0	3	0	23	23	23	23
332	1	"LordCentrion"		114	88000	0	751	791	615	0	880	330	3	17	2	5	500	1500	10	2	150	0	3	0	24	24	24	24
333	1	"BloodSoldier"		117	97300	0	805	845	660	0	920	345	3	17	6	7	500	1500	10	2	150	0	3	0	25	25	25	25
334	1	"DeathAngel"		121	110000	0	870	915	720	0	960	370	3	17	6	7	500	1500	10	2	130	0	3	0	26	26	26	26
335	1	"Necron"		125	125000	0	951	996	783	0	1015	405	3	17	2	5	500	1500	10	2	130	0	3	0	27	27	27	27
336	1	"DeathCenturion"	130	145000	0	1040	1085	865	0	1080	440	3	17	6	7	500	1500	10	2	130	0	3	0	28	28	28	28
337	1	"Schriker"		135	170000	0	1168	1213	992	0	1190	485	3	17	6	7	500	1600	10	2	130	0	4	0	29	29	29	29
275	1	"Relics of Kundun"	147	5000000	0	2000	2500	1500	0	2000	1000	3	150	15	10	800	2000	3600	2	100	0	4	0	100	254	100	100

// Golden Monsters
//-------------------------------------------------------------------------------------------------------------------------------------------------------------------------------------------------------------------------------------------
//Numb	Rate	Name			Level	HP	MP    MinDmg  MaxDmg   Def    MagDef  Attack Success   Move  AttType  Range    View  MoveSpeed AttSpeed	Regen	Attri	ItemR	MoneyR	MaxI ResWind ResPois  ResIce ResWater ResFire
//-------------------------------------------------------------------------------------------------------------------------------------------------------------------------------------------------------------------------------------------
42	1	"Red Dragon"		129	500000	0	2000	2500	1500	0	1600	750	3	150	15	10	550	1500	3600	2	100	0	4	0	45	60	23	37
44	1	"Golden Dragon"		60	15000	0	190	210	120	0	300	88	3	150	2	7	400	1800	100	2	50	10	0	0	9	7	9	9
43	1	"Golden Budge Dragon"	15	2200	0	120	125	45	0	75	30	3	0	1	7	400	1400	600	2	10	10	0	0	2	2	2	2
55	1	"Death King"		30	1800	0	105	110	37	0	150	37	2	0	2	6	400	1800	20	2	200	14	3	0	2	2	2	2
56	1	"Death Bone"		24	700	0	85	90	29	0	120	29	3	0	1	5	400	1600	20	2	200	14	4	0	1	1	1	1
78	1	"Golden Goblin"		20	3100	0	125	130	50	0	100	30	3	0	1	7	400	1400	600	2	10	10	0	0	2	2	2	2
53	1	"Golden Titan"		53	8000	0	170	180	105	0	265	77	3	150	3	7	400	2000	20	2	200	14	3	0	5	5	5	5
54	1	"Golden Soldier"	46	3500	0	140	150	75	0	230	64	3	0	5	7	400	1800	20	2	200	14	3	0	3	3	3	3
79	1	"Golden Dragon"		80	23000	0	300	350	230	0	400	90	3	150	2	7	400	1800	5	2	50	10	0	0	9	7	9	9
80	1	"Golden Vepar"		83	25000	0	310	360	240	0	415	150	3	3	3	7	400	1600	15	2	175	14	3	0	9	7	9	9
81	1	"Golden Lizard King"	61	6300	0	190	200	110	0	310	90	3	17	4	7	400	1600	8	2	185	14	3	0	0	0	3	0
82	1	"Golden Tantallos"	90	30000	0	450	560	300	0	450	185	3	150	2	7	400	1400	70	2	180	30	3	0	9	7	9	9
83	1	"Golden Wheel"		77	15000	0	320	360	230	0	385	160	3	0	4	7	400	1400	70	2	180	30	3	0	9	7	9	9
150	1	"Bali"			52	5000	0	165	170	100	0	260	75	3	0	1	7	400	1600	100	2	160	10	3	0	6	6	6	6
151	1	"Soldier"		58	4000	0	175	180	110	0	290	86	3	0	4	7	400	1600	100	2	160	10	3	0	6	6	6	6
493     1     	"Golden Dark Knight"	60      8600    0	1220    2310    1180    0       265	77    	3     	0     	10     	5     	400     1400    10     	2     	250     14     	3     	0       10	10	7	4
494     1    	"Golden Devil"         	73      13600   0	1270    2295    1145    0       400	90    	3     	0     	10     	7     	400     2000    10     	2     	350     14     	3     	0       7	8	3	10
495     1    	"Golden Golem"         	105     23500   0	1310    2360    1245    0       500	208    	6     	0     	10     	7     	400     1500    5      	2     	280     14     	3     	0       2	10	5	9
496     1    	"Golden Crust"    	90      67400   0	1325    2390    1300    0       450	185    	3     	0	10     	5     	500     1400    10     	2     	230     14     	3    	0       7	10	10	4
497     1    	"Golden Satyrus"       	98      99700   0	1405    2435    1330    0       475	195    	3     	0	10     	7     	500     1500    10     	2     	255     14     	3     	0       5	9	8	7
498     1    	"Golden Twin Tale"     	130     168200  0	1700    2400    1000    0       560	253    	3     	0	10     	7     	500     1500    10     	2     	230     14     	3     	0       10	8	10	10
499     1    	"Golden Iron Knight"   	140     194350  0 	1900    2300    1600    0       600	283    	3     	0	10     	7     	500     1500    10     	2     	240     14     	3    	0       9	4	4	6
500     1    	"Golden Napin" 		110     106250  0	1650    2230    1410    0       525	223    	3     	0	10     	8     	500     1500    10     	2     	260     14     	3     	0       9	10	9	9
501     1    	"Golden Great Dragon"   92      80500   0	1405    2455    1280    0       460	190    	3     	0 	10     	7     	400     1800    10     	2     	150     14     	3     	0       10	17	2	10
502     1    	"Golden Rabbit"        	35      4500    0     	1200    1135    900     0       162	48    	3     	0     	10     	5     	400     1500    10     	2     	200     14     	3     	0       6	8	10	7

// White Wizard
//-------------------------------------------------------------------------------------------------------------------------------------------------------------------------------------------------------------------------------------------
//Numb	Rate	Name			Level	HP	MP    MinDmg  MaxDmg   Def    MagDef  Attack Success   Move  AttType  Range    View  MoveSpeed AttSpeed	Regen	Attri	ItemR	MoneyR	MaxI ResWind ResPois  ResIce ResWater ResFire
//-------------------------------------------------------------------------------------------------------------------------------------------------------------------------------------------------------------------------------------------
136	1	"Ogre Warrior of Doom"	70	9500	0	210	240	180	0	400	125	3	0	1	3	400	1500	10	2	300	200	3	0	7	7	7	7	
137	1	"Ogre Archer of Doom"	74	12000	0	220	260	190	0	440	130	3	0	5	5	400	1800	10	2	300	200	3	0	8	8	8	8	
135	1	"White Wizard"		87	26000	0	370	410	400	0	550	200	4	3	5	6	400	2200	10	2	150	50	4	0	15	15	20	15	

// Traps
//-------------------------------------------------------------------------------------------------------------------------------------------------------------------------------------------------------------------------------------------
//Numb	Rate	Name			Level	HP	MP    MinDmg  MaxDmg   Def    MagDef  Attack Success   Move  AttType  Range    View  MoveSpeed AttSpeed	Regen	Attri	ItemR	MoneyR	MaxI ResWind ResPois  ResIce ResWater ResFire
//-------------------------------------------------------------------------------------------------------------------------------------------------------------------------------------------------------------------------------------------
100	1	"Lance"			80	1000	0	100	110	0	0	400	500	0	0	4	1	500	1000	3	1	200	10	0	0	0	0	0	0	
101	1	"Iron Stick"		80	1000	0	110	130	0	0	400	500	0	0	0	1	500	1000	3	1	200	10	0	0	0	0	0	0	
102	1	"Fire"			80	1000	0	130	150	0	0	400	500	0	0	2	1	500	1000	3	1	200	10	0	0	0	0	0	0	
103	1	"Meteorite"		90	1000	0	160	190	0	0	450	500	0	50	0	1	500	1000	3	1	200	10	0	0	0	0	0	0	
104	1	"Trap"			2	50	0	500	600	0	0	800	30	0	50	0	1	0	1000	0	0	0	0	0	0	0	0	0	0	
105	1	"Canon Trap"		80	1000	0	200	203	0	0	400	500	0	0	4	2	500	1000	3	1	200	10	0	0	0	0	0	0	
106	1	"Laser Trap"		80	1000	0	150	152	0	0	400	500	0	0	1	1	500	1000	3	1	200	10	0	0	0	0	0	0	

// NPC's
//-------------------------------------------------------------------------------------------------------------------------------------------------------------------------------------------------------------------------------------------
//Numb	Rate	Name			Level	HP	MP    MinDmg  MaxDmg   Def    MagDef  Attack Success   Move  AttType  Range    View  MoveSpeed AttSpeed	Regen	Attri	ItemR	MoneyR	MaxI ResWind ResPois  ResIce ResWater ResFire
//-------------------------------------------------------------------------------------------------------------------------------------------------------------------------------------------------------------------------------------------
226	1	"Trainer"		2	50	0	15	30	70	20	10	30	0	0	0	5	400	1500	10	0	200	10	0	0	0	0	0	0	
229	1	"Marlon"		2	50	0	15	30	70	20	10	30	0	0	0	5	400	1500	10	0	200	10	0	0	0	0	0	0	
230	1	"Alex"			2	50	0	15	30	70	20	10	30	0	0	0	5	400	1500	10	0	200	10	0	0	0	0	0	0	
231	1	"Thompson Kenel"	2	50	0	15	30	70	20	10	30	0	0	0	5	400	1500	10	0	200	10	0	0	0	0	0	0	
232	1	"Archangel"		2	50	0	15	30	70	20	10	30	0	0	0	5	400	1500	10	0	200	10	0	0	0	0	0	0	
233	1	"Messenger of Arch."	2	50	0	15	30	70	20	10	30	0	0	0	5	400	1500	10	0	200	10	0	0	0	0	0	0	
234	1	"Pet Trainer"		2	50	0	15	30	70	20	10	30	0	0	0	5	400	1500	10	0	200	10	0	0	0	0	0	0	
235	1	"Sebina the Priest"	2	50	0	15	30	70	20	10	30	0	0	0	5	400	1500	10	0	200	10	0	0	0	0	0	0	
236	1	"Golden Archer"		2	50	0	15	30	70	20	10	30	0	0	0	5	400	1500	10	0	200	10	0	0	0	0	0	0	
237	1	"Charon"		2	50	0	15	30	70	20	10	30	0	0	0	5	400	1500	10	0	200	10	0	0	0	0	0	0	
238	1	"Chaos Goblin"		2	50	0	15	30	70	20	10	30	0	0	0	5	400	1500	10	0	200	10	0	0	0	0	0	0	
240	1	"Baz The Vault Keeper"	2	50	0	15	30	70	20	10	30	0	0	0	5	400	1500	10	0	200	10	0	0	0	0	0	0	
241	1	"Guild Master"		2	50	0	15	30	70	20	10	30	0	0	0	5	400	1500	10	0	200	10	0	0	0	0	0	0	
242	1	"Elf Lala"		2	50	0	15	30	70	20	10	30	0	0	0	5	400	1500	10	0	200	10	0	0	0	0	0	0	
243	1	"Eo the Craftsman"	2	50	0	15	30	70	20	10	30	0	0	0	5	400	1500	10	0	200	10	0	0	0	0	0	0	
244	1	"Liam The Barmaid"	2	50	0	15	30	70	20	10	30	0	0	0	5	400	1500	10	0	200	10	0	0	0	0	0	0	
245	1	"Wizard"		2	50	0	15	30	70	20	10	30	0	0	0	5	400	1500	10	0	200	10	0	0	0	0	0	0	
246	1	"Zienna The Weapons "	20	1000	0	15	30	70	0	100	30	0	0	0	5	400	1500	10	0	200	10	0	0	0	0	0	0	
247	1	"Guard"			90	10000	0	180	195	70	20	300	100	5	0	2	2	400	1500	10	1	200	10	0	0	0	0	0	0	
248	1	"Wandering Merchant"	20	1000	0	15	30	70	0	100	30	0	0	0	5	400	1500	10	0	200	10	0	0	0	0	0	0	
249	1	"Guard"			90	10000	0	180	195	70	20	300	100	5	0	5	5	400	1500	10	1	200	10	0	0	0	0	0	0	
250	1	"Wandering Merchant"	20	1000	0	15	30	70	20	100	30	0	0	0	5	400	1000	10	0	200	10	0	0	0	0	0	0	
251	1	"Hanzo The Blacksmith"	20	1000	0	15	30	70	20	100	30	0	0	0	5	400	1500	10	0	200	10	0	0	0	0	0	0	
252	1	"--------"		2	50	0	15	30	70	20	10	30	0	0	2	5	400	1000	10	0	200	10	0	0	0	0	0	0	
253	1	"Potion Girl"		2	50	0	15	30	70	20	10	30	0	0	0	5	400	1500	10	0	200	10	0	0	0	0	0	0	
254	1	"Pasi The Mage"		2	50	0	15	30	70	20	10	30	0	0	0	5	400	1500	10	0	200	10	0	0	0	0	0	0	
255	1	"Lumen The Barmaid"	2	50	0	15	30	70	20	10	30	0	0	0	5	400	1500	10	0	200	10	0	0	0	0	0	0	
256	1	"Lahap"			2	50	0	15	30	70	20	10	30	0	0	0	5	400	1500	10	0	200	10	0	0	0	0	0	0	
257	1	"Elf Soldier"		2	50	0	15	30	70	20	10	30	0	0	0	5	400	1500	10	0	200	10	0	0	0	0	0	0	
258	1	"Luke The Helper"	90	10000	0	180	195	70	20	300	100	5	0	5	5	400	1500	10	1	200	10	0	0	0	0	0	0	
259	1	"Oracle Layla"		2	50	0	15	30	70	20	10	30	0	0	0	5	400	1500	10	0	200	10	0	0	0	0	0	0	
375	1	"Chaos Card Master"	2	50	0	15	30	70	20	10	30	0	0	0	5	400	1500	10	0	200	10	0	0	0	0	0	0
376	1	"Pamela the Supplier"	20	1000	0	15	30	70	0	100	30	0	0	0	5	400	1500	10	0	200	10	0	0	0	0	0	0	
377	1	"Angela the Supplier"	20	1000	0	15	30	70	0	100	30	0	0	0	5	400	1500	10	0	200	10	0	0	0	0	0	0	
378	1	"GameMaster"		2	10	0	10	10	10	10	10	10	0	0	0	0	0	0	0	0	0	0	0	0	0	0	0	0	
379	1	"Fireworks Girl"	2	10	0	10	10	10	1	10	10	0	0	0	0	0	0	0	0	0	0	0	0	0	0	0	0	
371	1	"Leo The Helper"	90	10000	0	180	195	70	20	300	100	5	0	5	5	400	1500	10	1	200	10	0	0	0	0	0	0	
372	1	"Elite Skill Soldier"	10	10	0	10	10	10	10	10	10	0	0	0	0	0	0	0	0	0	0	0	0	0	0	0	0	
380	1	"Stone Statue"		2	10	0	10	10	10	1	10	10	0	0	0	0	0	0	0	0	0	0	0	0	0	0	0	0	
381	1	"MU Allies General"	2	10	0	10	10	10	1	10	10	0	0	0	0	0	0	0	0	0	0	0	0	0	0	0	0	
382	1	"Illusion Elder"	2	10	0	10	10	10	1	10	10	0	0	0	0	0	0	0	0	0	0	0	0	0	0	0	0	
383	1	"Alliance Item Storage"	2	10	0	10	10	10	1	10	10	0	0	0	0	0	0	0	0	0	0	0	0	0	0	0	0	
384	1	"Illusion Item Storage"	2	10	0	10	10	10	1	10	10	0	0	0	0	0	0	0	0	0	0	0	0	0	0	0	0	
385	1	"Mirage"		2	10	0	10	10	10	1	10	10	0	0	0	0	0	0	0	0	0	0	0	0	0	0	0	0	
239	1	"Arena Guard"		2	50	0	15	30	70	20	10	30	0	0	0	5	400	1500	10	0	200	10	0	0	0	0	0	0	

// Castle Siege NPC
//-------------------------------------------------------------------------------------------------------------------------------------------------------------------------------------------------------------------------------------------
//Numb	Rate	Name			Level	HP	MP    MinDmg  MaxDmg   Def    MagDef  Attack Success   Move  AttType  Range    View  MoveSpeed AttSpeed	Regen	Attri	ItemR	MoneyR	MaxI ResWind ResPois  ResIce ResWater ResFire
//-------------------------------------------------------------------------------------------------------------------------------------------------------------------------------------------------------------------------------------------
215	1	"Shield"		2	50	0	15	30	70	20	10	30	0	0	0	5	400	1500	10	0	200	10	0	0	0	0	0	0	
216	1	"Crown"			2	50	0	15	30	70	20	10	30	0	0	0	0	0	0	0	0	0	0	0	0	0	0	0	0	
217	1	"Crown Switch1"		2	50	0	15	30	70	20	10	30	0	0	0	0	0	0	0	0	0	0	0	0	0	0	0	0	
218	1	"Crown Switch2"		2	50	0	15	30	70	20	10	30	0	0	0	0	0	0	0	0	0	0	0	0	0	0	0	0	
219	1	"Castle Gate Switch"	2	50	0	15	30	70	20	10	30	0	0	0	0	0	0	0	0	0	0	0	0	0	0	0	0	
220	1	"Guard"			2	50	0	15	30	70	20	10	30	0	0	0	0	400	1500	0	0	0	0	0	0	0	0	0	0	
221	1	"Slingshot Attack"	2	50	0	15	30	70	20	10	30	0	0	0	0	400	1500	0	0	0	0	0	0	0	0	0	0	
222	1	"Slingshot Defense"	2	50	0	15	30	70	20	10	30	0	0	0	0	400	1500	0	0	0	0	0	0	0	0	0	0	
223	1	"Senior"		2	50	0	15	30	70	20	10	30	0	0	0	0	0	0	0	0	0	0	0	0	0	0	0	0	
224	1	"Guardsman"		2	50	0	15	30	70	20	10	30	0	0	0	0	0	0	0	0	0	0	0	0	0	0	0	0	
277	1	"Castle Gate1"		2	50	0	15	30	70	20	10	30	0	0	0	0	0	0	0	0	0	0	0	0	0	0	0	0	
278	1	"Life Stone"		2	250000	0	15	30	70	20	10	30	0	0	0	0	0	0	0	0	0	0	0	0	0	0	0	0	
283	1	"Guardian Statue"	2	50	0	15	30	70	20	10	30	0	0	0	0	0	0	0	0	0	0	0	0	0	0	0	0	
285	1	"Guardian"		2	30000	0	15	30	70	20	10	30	0	0	0	5	400	1500	10	0	200	10	0	0	0	0	0	0	
286	1	"Battle Guard1"		100	23000	0	340	390	340	0	520	190	0	0	6	7	400	2000	0	2	0	0	0	0	7	7	7	7	
287	1	"Battle Guard2"		100	26000	0	390	430	380	0	590	200	0	0	1	3	400	1600	0	2	0	0	0	0	7	7	7	7	
288	1	"Canon Tower"		200	50	0	575	610	500	20	1000	30	0	150	7	6	400	2000	0	0	0	0	0	0	0	0	0	0	


// Land of Trials Monsters
//-------------------------------------------------------------------------------------------------------------------------------------------------------------------------------------------------------------------------------------------
//Numb	Rate	Name			Level	HP	MP    MinDmg  MaxDmg   Def    MagDef  Attack Success   Move  AttType  Range    View  MoveSpeed AttSpeed	Regen	Attri	ItemR	MoneyR	MaxI ResWind ResPois  ResIce ResWater ResFire
//-------------------------------------------------------------------------------------------------------------------------------------------------------------------------------------------------------------------------------------------
294	1	"Axe Warrior"		75	11500	0	255	290	195	0	385	125	3	0	1	5	400	1400	10	2	200	14	3	0	25	25	25	25	
290	1	"Lizard Warrior"	78	15000	0	270	320	210	0	430	140	3	0	1	5	400	1400	10	2	200	14	3	0	26	26	26	26	
293	1	"Poison Golem"		84	25000	0	375	425	275	0	530	190	3	17	4	6	500	2000	10	2	180	30	3	0	27	27	27	27	
292	1	"Queen Bee"		92	34500	0	489	540	360	0	620	240	3	3	5	5	500	2000	10	2	180	14	3	0	28	28	28	28	
291	1	"Fire Golem"		102	55000	0	560	600	550	0	870	310	3	0	1	7	500	1600	10	2	150	50	4	0	29	29	29	29	
295	1	"Erohim"		128	3000000	0	1500	2000	1000	0	1500	800	3	150	6	8	650	1600	43200	2	100	30	4	0	100	254	100	100	
296	1	"Monster7"		83	22000	0	335	385	250	0	500	175	3	150	2	7	400	1400	20	2	160	30	3	0	9	9	9	9

// LorenDeep Event
//-------------------------------------------------------------------------------------------------------------------------------------------------------------------------------------------------------------------------------------------
//Numb	Rate	Name			Level	HP	MP    MinDmg  MaxDmg   Def    MagDef  Attack Success   Move  AttType  Range    View  MoveSpeed AttSpeed	Regen	Attri	ItemR	MoneyR	MaxI ResWind ResPois  ResIce ResWater ResFire
//-------------------------------------------------------------------------------------------------------------------------------------------------------------------------------------------------------------------------------------------
300	1	"Hero Mutant"		82	20000	0	500	560	380	0	415	170	20	0	1	10	800	1600	10	2	150	10	3	0	16	16	16	16	
302	1	"Axe Hero"		85	23000	0	510	580	390	0	435	175	20	0	1	10	800	1600	10	2	150	10	3	0	50	50	50	50	
303	1	"Gigas Golem"		94	50000	0	750	850	550	0	580	240	20	17	5	10	1000	2500	10	2	150	10	3	0	54	54	54	54	
301	1	"Omega Wing"		102	69000	0	978	1080	720	0	670	290	20	0	1	10	800	1600	10	2	150	10	3	0	26	26	28	26	

// Aida
//-------------------------------------------------------------------------------------------------------------------------------------------------------------------------------------------------------------------------------------------
//Numb	Rate	Name			Level	HP	MP    MinDmg  MaxDmg   Def    MagDef  Attack Success   Move  AttType  Range    View  MoveSpeed AttSpeed	Regen	Attri	ItemR	MoneyR	MaxI ResWind ResPois  ResIce ResWater ResFire
//-------------------------------------------------------------------------------------------------------------------------------------------------------------------------------------------------------------------------------------------
308	1	"Death Tree"		62	6000	0	220	240	145	0	315	90	6	0	1	5	400	1400	10	2	180	14	3	0	15	15	15	15	
307	1	"Forest Orc"		64	6500	0	230	250	150	0	323	95	6	0	1	5	400	1400	10	2	180	14	3	0	16	16	16	16	
306	1	"Death Rider"		68	8000	0	232	262	170	0	345	110	6	0	1	5	400	1400	10	2	180	14	3	0	17	17	17	17	
305	1	"Blue Golem"		74	12500	0	260	290	195	0	400	125	6	0	2	7	400	1500	10	2	180	14	3	0	18	18	18	18	
304	1	"Witch Queen"		84	22500	0	380	410	275	0	530	185	6	0	3	7	400	1700	10	2	160	14	3	0	19	19	19	19	
309	1	"Hell Maine"		98	50000	0	550	600	520	0	850	300	6	0	5	10	600	2000	900	2	150	14	4	0	50	50	50	50	

// Crywolf Monsters
//-------------------------------------------------------------------------------------------------------------------------------------------------------------------------------------------------------------------------------------------
//Numb	Rate	Name			Level	HP	MP    MinDmg  MaxDmg   Def    MagDef  Attack Success   Move  AttType  Range    View  MoveSpeed AttSpeed	Regen	Attri	ItemR	MoneyR	MaxI ResWind ResPois  ResIce ResWater ResFire
//-------------------------------------------------------------------------------------------------------------------------------------------------------------------------------------------------------------------------------------------
310	1	"Hammer Scout"		97	45000	0	530	560	420	0	670	250	6	0	1	5	600	1600	10	2	180	14	3	0	15	15	15	15	
311	1	"Lance Scout"		97	45000	0	530	560	420	0	670	250	6	0	3	6	600	1600	10	2	180	14	3	0	17	17	17	17	
312	1	"Bow Scout"		97	45000	0	530	560	420	0	670	250	6	0	6	7	700	1700	10	2	180	14	3	0	19	19	19	19	
313	1	"Werewolf"		118	110000	0	830	850	680	0	950	355	6	0	1	7	600	1600	10	2	180	14	3	0	21	21	21	21	
314	1	"Scout (Hero)"		123	120000	0	890	910	740	0	980	370	6	0	2	7	700	1700	10	2	150	14	3	0	23	23	23	23	
315	1	"Werewolf (Hero)"	127	123000	0	964	1015	800	0	1027	397	6	0	2	7	700	1700	10	2	150	14	3	0	25	25	25	25	
316	1	"Valam"			132	140000	0	1075	1140	885	0	1100	440	6	0	3	7	700	1700	10	2	130	14	3	0	27	27	27	27	
348	1	"Tanker"		133	450000	0	800	1000	840	0	1500	370	6	0	6	7	700	1700	10	2	150	14	3	0	23	23	23	23	
317	1	"Solam"			134	164000	0	1200	1300	982	0	1173	500	6	0	7	7	700	1700	10	2	130	14	3	0	29	29	29	29	
344	1	"Balram"		134	90000	0	600	700	500	0	1500	370	6	0	7	7	700	1700	10	2	150	14	3	0	23	23	23	23	
345	1	"Death Spirit"		134	95000	0	600	700	500	0	1500	397	6	0	6	7	700	1700	10	2	150	14	3	0	25	25	25	25	
341	1	"Soram"			134	100000	0	600	700	500	0	1500	397	6	0	4	7	700	1700	10	2	150	14	3	0	25	25	25	25	
340	1	"Dark Elf"		135	1500000	0	800	900	900	0	1500	370	6	0	6	10	700	1700	10	2	150	14	3	0	23	23	23	23	
349	1	"Balgass"		135	500000	0	1000	1500	800	0	2000	370	6	0	6	7	700	1700	10	2	150	14	3	0	23	23	23	23	

// Crywolf Event
//-------------------------------------------------------------------------------------------------------------------------------------------------------------------------------------------------------------------------------------------
//Numb	Rate	Name			Level	HP	MP    MinDmg  MaxDmg   Def    MagDef  Attack Success   Move  AttType  Range    View  MoveSpeed AttSpeed	Regen	Attri	ItemR	MoneyR	MaxI ResWind ResPois  ResIce ResWater ResFire
//-------------------------------------------------------------------------------------------------------------------------------------------------------------------------------------------------------------------------------------------
204	1	"Wolf Status"		2	50	0	15	30	70	20	10	30	0	0	0	0	0	0	0	0	0	0	0	0	0	0	0	0	
205	1	"Wolf Altar1"		2	50	0	15	30	70	20	10	30	0	0	0	0	0	0	0	0	0	0	0	0	0	0	0	0	
206	1	"Wolf Altar2"		2	50	0	15	30	70	20	10	30	0	0	0	0	0	0	0	0	0	0	0	0	0	0	0	0	
207	1	"Wolf Altar3"		2	50	0	15	30	70	20	10	30	0	0	0	0	0	0	0	0	0	0	0	0	0	0	0	0	
208	1	"Wolf Altar4"		2	50	0	15	30	70	20	10	30	0	0	0	0	0	0	0	0	0	0	0	0	0	0	0	0	
209	1	"Wolf Altar5"		2	50	0	15	30	70	20	10	30	0	0	0	0	0	0	0	0	0	0	0	0	0	0	0	0	

// Kanturu Monsters
//-------------------------------------------------------------------------------------------------------------------------------------------------------------------------------------------------------------------------------------------
//Numb	Rate	Name			Level	HP	MP    MinDmg  MaxDmg   Def    MagDef  Attack Success   Move  AttType  Range    View  MoveSpeed AttSpeed	Regen	Attri	ItemR	MoneyR	MaxI ResWind ResPois  ResIce ResWater ResFire
//-------------------------------------------------------------------------------------------------------------------------------------------------------------------------------------------------------------------------------------------
351	1	"Splinter Wolf"		80	16000	0	310	340	230	0	460	163	3	0	2	7	500	1500	10	2	155	0	3	0	20	20	20	20	
352	1	"Iron Rider"		82	18000	0	335	365	250	0	490	168	3	0	2	5	500	1500	10	2	155	0	3	0	21	21	21	21	
353	1	"Satyros"		85	22000	0	365	395	280	0	540	177	3	0	2	7	500	1500	10	2	155	0	3	0	22	22	22	22	
354	1	"Blade Hunter"		88	32000	0	408	443	315	0	587	195	3	0	1	7	500	1500	10	2	135	0	3	0	23	23	23	23	
355	1	"Kentauros"		93	38500	0	470	505	370	0	645	220	3	0	4	5	500	1500	10	2	135	0	3	0	24	24	24	24	
356	1	"Gigantis"		98	43000	0	546	581	430	0	715	250	3	0	2	7	500	1500	10	2	135	0	3	0	25	25	25	25	
350	1	"Berserker"		100	70000	0	408	543	430	0	1000	360	3	0	2	7	800	1700	10	2	110	0	4	0	50	50	50	50	
357	1	"Genocider"		105	48500	0	640	675	515	0	810	290	3	0	2	7	500	1600	10	2	135	0	4	0	26	26	26	26	
359	1	"Twin Tale"		117	87500	0	830	1085	865	0	1080	440	3	0	4	7	500	1500	10	2	130	0	3	0	28	28	28	28	
358	1	"Persona"		118	68000	0	1168	1213	615	0	1190	485	3	0	5	7	500	1600	10	2	130	0	4	0	29	29	29	29	
360	1	"Dreadfear"		119	94000	0	946	996	783	0	1015	905	3	0	2	5	500	1500	10	2	130	0	3	0	27	27	27	27	

// Kanturu Event
//-------------------------------------------------------------------------------------------------------------------------------------------------------------------------------------------------------------------------------------------
//Numb	Rate	Name			Level	HP	MP    MinDmg  MaxDmg   Def    MagDef  Attack Success   Move  AttType  Range    View  MoveSpeed AttSpeed	Regen	Attri	ItemR	MoneyR	MaxI ResWind ResPois  ResIce ResWater ResFire
//-------------------------------------------------------------------------------------------------------------------------------------------------------------------------------------------------------------------------------------------
361	1	"Nightmare"		135	1500000	0	1225	1468	1000	0	2000	420	6	0	2	7	700	1700	10	2	150	14	3	0	150	255	150	150	
362	1	"Maya's Left Hand"	135	400000	0	732	932	315	0	2000	1445	6	0	3	7	700	1700	10	2	150	14	3	0	100	100	100	100	
363	1	"Maya's Right Hand"	135	350000	0	732	932	800	0	2000	550	6	0	3	7	700	1700	10	2	150	14	3	0	100	100	100	100	
364	1	"Maya"			111	300	0	712	752	584	0	850	315	3	0	1	7	500	1500	10	2	150	0	3	0	100	100	100	100	

// Kanturu NPC
//-------------------------------------------------------------------------------------------------------------------------------------------------------------------------------------------------------------------------------------------
//Numb	Rate	Name			Level	HP	MP    MinDmg  MaxDmg   Def    MagDef  Attack Success   Move  AttType  Range    View  MoveSpeed AttSpeed	Regen	Attri	ItemR	MoneyR	MaxI ResWind ResPois  ResIce ResWater ResFire
//-------------------------------------------------------------------------------------------------------------------------------------------------------------------------------------------------------------------------------------------
367	1	"Gateway Machine"	20	1000	0	15	30	70	0	100	30	0	0	0	5	400	1500	10	0	200	10	0	0	0	0	0	0	
368	1	"Elpis"			20	1000	0	15	30	70	0	100	30	0	0	0	5	400	1500	10	0	200	10	0	0	0	0	0	0	

// Aida NPC (Jewel of Harmony)
//-------------------------------------------------------------------------------------------------------------------------------------------------------------------------------------------------------------------------------------------
//Numb	Rate	Name			Level	HP	MP    MinDmg  MaxDmg   Def    MagDef  Attack Success   Move  AttType  Range    View  MoveSpeed AttSpeed	Regen	Attri	ItemR	MoneyR	MaxI ResWind ResPois  ResIce ResWater ResFire
//-------------------------------------------------------------------------------------------------------------------------------------------------------------------------------------------------------------------------------------------
369	1	"Osbourne"		20	1000	0	15	30	70	0	100	30	0	0	0	5	400	1500	10	0	200	10	0	0	0	0	0	0	
370	1	"Jerridon"		20	1000	0	15	30	70	0	100	30	0	0	0	5	400	1500	10	0	200	10	0	0	0	0	0	0	

// Illusion Temple NPC
//-------------------------------------------------------------------------------------------------------------------------------------------------------------------------------------------------------------------------------------------
//Numb	Rate	Name			Level	HP	MP    MinDmg  MaxDmg   Def    MagDef  Attack Success   Move  AttType  Range    View  MoveSpeed AttSpeed	Regen	Attri	ItemR	MoneyR	MaxI ResWind ResPois  ResIce ResWater ResFire
//-------------------------------------------------------------------------------------------------------------------------------------------------------------------------------------------------------------------------------------------
404	1	"MU Allies"		2	10	0	10	10	10	1	10	10	0	0	0	0	0	0	0	0	0	0	0	0	0	0	0	0	
405	1	"Illusion Sorcerer"	2	10	0	10	10	10	1	10	10	0	0	0	0	0	0	0	0	0	0	0	0	0	0	0	0	

// Illusion Temple 1
//-------------------------------------------------------------------------------------------------------------------------------------------------------------------------------------------------------------------------------------------
//Numb	Rate	Name			Level	HP	MP    MinDmg  MaxDmg   Def    MagDef  Attack Success   Move  AttType  Range    View  MoveSpeed AttSpeed	Regen	Attri	ItemR	MoneyR	MaxI ResWind ResPois  ResIce ResWater ResFire
//-------------------------------------------------------------------------------------------------------------------------------------------------------------------------------------------------------------------------------------------
386	1	"Illusion Sorc. Spirit"	65	7150	0	195	245	150	0	340	98	4	3	4	4	800	1600	0	2	200	200	3	0	4	4	4	4	
387	1	"Illusion Sorc. Spirit"	65	7150	0	215	265	170	0	380	110	4	7	4	4	800	1600	0	2	200	200	3	0	4	4	4	4	
388	1	"Illusion Sorc. Spirit"	67	7370	0	235	285	190	0	440	130	5	0	1	6	1600	2000	0	2	200	150	3	0	4	4	4	4	

// Illusion Temple 2
//-------------------------------------------------------------------------------------------------------------------------------------------------------------------------------------------------------------------------------------------
//Numb	Rate	Name			Level	HP	MP    MinDmg  MaxDmg   Def    MagDef  Attack Success   Move  AttType  Range    View  MoveSpeed AttSpeed	Regen	Attri	ItemR	MoneyR	MaxI ResWind ResPois  ResIce ResWater ResFire
//-------------------------------------------------------------------------------------------------------------------------------------------------------------------------------------------------------------------------------------------
389	1	"Illusion Sorc. Spirit"	70	8680	0	280	330	210	0	500	150	4	3	4	4	800	1600	0	2	180	150	3	0	4	4	4	4	
390	1	"Illusion Sorc. Spirit"	70	8680	0	300	350	230	0	560	170	4	7	4	4	800	1600	0	2	180	100	3	0	4	4	4	4	
391	1	"Illusion Sorc. Spirit"	72	8928	0	320	370	250	0	640	200	5	0	1	6	1600	2000	0	2	180	50	4	0	7	7	7	7	

// Illusion Temple 3
//-------------------------------------------------------------------------------------------------------------------------------------------------------------------------------------------------------------------------------------------
//Numb	Rate	Name			Level	HP	MP    MinDmg  MaxDmg   Def    MagDef  Attack Success   Move  AttType  Range    View  MoveSpeed AttSpeed	Regen	Attri	ItemR	MoneyR	MaxI ResWind ResPois  ResIce ResWater ResFire
//-------------------------------------------------------------------------------------------------------------------------------------------------------------------------------------------------------------------------------------------
392	1	"Illusion Sorc. Spirit"	75	15000	0	375	395	280	0	460	150	4	3	4	4	800	1600	0	2	150	200	3	0	6	6	6	6	
393	1	"Illusion Sorc. Spirit"	75	15000	0	395	415	300	0	520	160	4	7	4	4	800	1600	0	2	150	200	3	0	6	6	6	6	
394	1	"Illusion Sorc. Spirit"	77	15400	0	415	435	320	0	580	195	5	0	1	6	1600	2000	0	2	150	150	3	0	6	6	6	6	

// Illusion Temple 4
//-------------------------------------------------------------------------------------------------------------------------------------------------------------------------------------------------------------------------------------------
//Numb	Rate	Name			Level	HP	MP    MinDmg  MaxDmg   Def    MagDef  Attack Success   Move  AttType  Range    View  MoveSpeed AttSpeed	Regen	Attri	ItemR	MoneyR	MaxI ResWind ResPois  ResIce ResWater ResFire
//-------------------------------------------------------------------------------------------------------------------------------------------------------------------------------------------------------------------------------------------
395	1	"Illusion Sorc. Spirit"	80	19200	0	480	500	360	0	660	230	4	3	4	4	800	1600	0	2	150	150	3	0	6	6	6	6	
396	1	"Illusion Sorc. Spirit"	80	19200	0	500	520	380	0	720	260	4	7	4	4	800	1600	0	2	150	100	3	0	6	6	6	6	
397	1	"Illusion Sorc. Spirit"	82	19680	0	520	540	400	0	840	280	5	0	1	6	1600	2000	0	2	150	50	4	0	9	9	9	9	

// Illusion Temple 5
//-------------------------------------------------------------------------------------------------------------------------------------------------------------------------------------------------------------------------------------------
//Numb	Rate	Name			Level	HP	MP    MinDmg  MaxDmg   Def    MagDef  Attack Success   Move  AttType  Range    View  MoveSpeed AttSpeed	Regen	Attri	ItemR	MoneyR	MaxI ResWind ResPois  ResIce ResWater ResFire
//-------------------------------------------------------------------------------------------------------------------------------------------------------------------------------------------------------------------------------------------
398	1	"Illusion Sorc. Spirit"	85	25500	0	595	615	450	0	760	275	4	3	4	4	800	1600	0	2	130	0	3	0	26	26	26	26	
399	1	"Illusion Sorc. Spirit"	85	25500	0	615	635	470	0	820	303	4	7	4	4	800	1600	0	2	130	0	3	0	27	27	27	27	
400	1	"Illusion Sorc. Spirit"	87	26100	0	635	655	490	0	900	335	5	0	1	6	1600	2000	0	2	130	0	3	0	28	28	28	28	

// Illusion Temple 6
//-------------------------------------------------------------------------------------------------------------------------------------------------------------------------------------------------------------------------------------------
//Numb	Rate	Name			Level	HP	MP    MinDmg  MaxDmg   Def    MagDef  Attack Success   Move  AttType  Range    View  MoveSpeed AttSpeed	Regen	Attri	ItemR	MoneyR	MaxI ResWind ResPois  ResIce ResWater ResFire
//-------------------------------------------------------------------------------------------------------------------------------------------------------------------------------------------------------------------------------------------
401	1	"Illusion Sorc. Spirit"	90	36000	0	720	740	550	0	1015	405	4	3	4	4	800	1600	0	2	130	0	3	0	27	27	27	27	
402	1	"Illusion Sorc. Spirit"	90	36000	0	740	760	570	0	1080	440	4	7	4	4	800	1600	0	2	130	0	3	0	28	28	28	28	
403	1	"Illusion Sorc. Spirit"	92	36800	0	760	780	590	0	1190	485	5	0	1	6	1600	2000	0	2	130	0	4	0	29	29	29	29	

// 3rd Quest
//-------------------------------------------------------------------------------------------------------------------------------------------------------------------------------------------------------------------------------------------
//Numb	Rate	Name			Level	HP	MP    MinDmg  MaxDmg   Def    MagDef  Attack Success   Move  AttType  Range    View  MoveSpeed AttSpeed	Regen	Attri	ItemR	MoneyR	MaxI ResWind ResPois  ResIce ResWater ResFire
//-------------------------------------------------------------------------------------------------------------------------------------------------------------------------------------------------------------------------------------------
406	1	"Priest Devin"		2	10	0	10	10	10	1	10	10	0	0	0	0	0	0	0	0	0	0	0	0	0	0	0	0	
407	1	"Werewolf Quarrel"	2	10	0	10	10	10	1	10	10	0	0	0	0	0	0	0	0	0	0	0	0	0	0	0	0	
408	1	"Gatekeeper"		2	10	0	10	10	10	1	10	10	0	0	0	0	0	0	0	0	0	0	0	0	0	0	0	0	
409	1	"Balram(Trainee)"	117	75000	0	550	650	480	0	1200	370	6	0	4	7	500	1500	10	2	150	14	3	0	23	23	23	23	
410	1	"Death Spirit(Trainee)"	118	85000	0	580	680	490	0	1200	390	6	0	4	7	500	1500	10	2	150	14	3	0	25	25	25	25	
411	1	"Soram(Trainee)"	119	90000	0	600	700	500	0	1200	390	6	0	2	7	500	1500	10	2	150	14	3	0	25	25	25	25	
412	1	"Dark Elf(Trainee)"	128	1500000	0	800	900	900	0	1500	400	6	0	6	10	700	1700	10800	2	150	14	3	0	23	254	23	23	

//Thanksgiving Event
//----------------------------------------------------------------------------------------------------------------------------------------------------------------------------------------------------------------------------------------------------------------------
//Numb	Rate	Name			Level	HP	MP	MinDmg	MaxDmg	Def	MagDef	Attack 		Success	Move	AttType	Range	View	MoveSpeed	AttSpeed	Regen	Attri	ItemR	MoneyR	MaxI	ResWind	ResPois	ResIce	ResWater ResFire
//----------------------------------------------------------------------------------------------------------------------------------------------------------------------------------------------------------------------------------------------------------------------
413	1	"Lunar Rabbit"		70	25000	0	0	0	100	0	0		100	3	0	0	1	100		0		120	1	200	10	0	0	254	254	254	254
414	1	"Helper Ellen"		90	10000	0	180	195	70	20	300		100	5	0	5	5	400		1500		10	1	200	10	0	0	0	0	0	0

// Elbeland NPC
//-------------------------------------------------------------------------------------------------------------------------------------------------------------------------------------------------------------------------------------------
//Numb	Rate	Name			Level	HP	MP    MinDmg  MaxDmg   Def    MagDef  Attack Success   Move  AttType  Range    View  MoveSpeed AttSpeed	Regen	Attri	ItemR	MoneyR	MaxI ResWind ResPois  ResIce ResWater ResFire
//-------------------------------------------------------------------------------------------------------------------------------------------------------------------------------------------------------------------------------------------
415	1	"Silvia"		2	10	0	10	10	10	1	10	10	0	0	0	0	0	0	0	0	0	0	0	0	0	0	0	0	
416	1	"Leah"			2	10	0	10	10	10	1	10	10	0	0	0	0	0	0	0	0	0	0	0	0	0	0	0	0	
417	1	"Marseille"		2	10	0	10	10	10	1	10	10	0	0	0	0	0	0	0	0	0	0	0	0	0	0	0	0	

// Elbeland Monsters
//-------------------------------------------------------------------------------------------------------------------------------------------------------------------------------------------------------------------------------------------
//Numb	Rate	Name			Level	HP	MP    MinDmg  MaxDmg   Def    MagDef  Attack Success   Move  AttType  Range    View  MoveSpeed AttSpeed	Regen	Attri	ItemR	MoneyR	MaxI ResWind ResPois  ResIce ResWater ResFire
//-------------------------------------------------------------------------------------------------------------------------------------------------------------------------------------------------------------------------------------------
418	1	"Strange Rabbit"	4	60	0	10	13	3	0	18	3	3	0	1	4	400	2000	10	2	120	10	6	0	0	0	0	0	
419	1	"Hideous Rabbit"	19	520	0	68	72	22	0	93	22	3	0	1	4	400	1400	10	2	160	12	6	0	0	0	0	0	
420	1	"Werewolf"		24	720	0	85	90	30	0	120	30	3	0	1	5	400	1800	10	2	170	14	6	0	0	0	0	0	
421	1	"Polluted Butterfly"	13	230	0	37	42	13	0	58	13	3	0	1	4	400	1600	10	2	140	12	6	0	0	0	0	0	
422	1	"Cursed Lich"		30	900	0	105	110	33	0	150	36	3	2	4	7	400	2000	10	2	180	14	6	0	0	2	0	0	
423	1	"Totem Golem"		36	1200	0	120	125	50	0	180	43	3	0	1	6	400	1400	10	2	180	14	6	0	0	0	0	0	
424	1	"Grizzly"		43	2400	0	130	140	65	0	215	52	2	17	2	6	400	1600	8	2	185	14	3	0	0	3	0	0	
425	1	"Captain Grizzly"	48	3000	0	150	155	80	0	240	70	3	0	1	5	400	1400	10	2	200	14	3	0	3	3	3	5	

// Swamp of Calmness
//-------------------------------------------------------------------------------------------------------------------------------------------------------------------------------------------------------------------------------------------
//Numb	Rate	Name			Level	HP	MP    MinDmg  MaxDmg   Def    MagDef  Attack Success   Move  AttType  Range    View  MoveSpeed AttSpeed	Regen	Attri	ItemR	MoneyR	MaxI ResWind ResPois  ResIce ResWater ResFire
//-------------------------------------------------------------------------------------------------------------------------------------------------------------------------------------------------------------------------------------------
441	1	"Sapi-Unus"		95	37000	0	475	510	370	0	700	220	4	0	1	7	600	1500	8	2	140	10	3	0	0	20	0	0	
442	1	"Sapi-Duo"		96	39500	0	485	505	375	0	730	225	4	0	1	7	600	1500	8	2	140	10	3	0	0	30	0	0	
447	1	"Sapi-Tres"		97	42000	0	520	555	395	0	750	235	4	0	2	5	500	2000	8	2	140	10	3	0	0	0	20	0	
444	1	"Shadow Pawn"		98	48500	0	540	575	430	0	830	240	4	0	1	5	700	1700	8	2	135	10	3	0	20	20	0	0	
445	1	"Shadow Knight"		100	52000	0	570	600	455	0	860	255	4	7	1	5	700	1700	8	2	135	10	3	0	30	30	0	0	
443	1	"Shadow Look"		102	58000	0	590	625	470	0	880	275	4	17	4	7	600	1500	8	2	135	10	3	0	0	40	0	0	
446	1	"Thunder Napin"		104	62000	0	600	645	500	0	950	290	4	0	1	5	700	1700	8	2	130	10	3	0	40	40	0	0	
448	1	"Ghost Napin"		106	68000	0	635	665	535	0	980	295	4	1	2	5	500	2000	8	2	130	10	3	0	0	30	0	0	
449	1	"Blaze Napin"		107	70000	0	670	725	530	0	1000	303	4	0	2	5	500	2000	8	2	130	10	3	0	0	0	0	40	

// Cherry Blossom Event NPC
//-------------------------------------------------------------------------------------------------------------------------------------------------------------------------------------------------------------------------------------------
//Numb	Rate	Name			Level	HP	MP    MinDmg  MaxDmg   Def    MagDef  Attack Success   Move  AttType  Range    View  MoveSpeed AttSpeed	Regen	Attri	ItemR	MoneyR	MaxI ResWind ResPois  ResIce ResWater ResFire
//-------------------------------------------------------------------------------------------------------------------------------------------------------------------------------------------------------------------------------------------
450	1	"Cherry Blossom Spirit"	2	10	0	10	10	10	1	10	10	0	0	0	0	0	0	0	0	0	0	0	0	0	0	0	0	
451	1	"Cherry Blossom Tree"	2	10	0	10	10	10	1	10	10	0	0	0	0	0	0	0	0	0	0	0	0	0	0	0	0	

// Socket System NPC
//-------------------------------------------------------------------------------------------------------------------------------------------------------------------------------------------------------------------------------------------
//Numb	Rate	Name			Level	HP	MP    MinDmg  MaxDmg   Def    MagDef  Attack Success   Move  AttType  Range    View  MoveSpeed AttSpeed	Regen	Attri	ItemR	MoneyR	MaxI ResWind ResPois  ResIce ResWater ResFire
//-------------------------------------------------------------------------------------------------------------------------------------------------------------------------------------------------------------------------------------------
452	1	"Seed Master"		2	10	0	10	10	10	1	10	10	0	0	0	0	0	0	0	0	0	0	0	0	0	0	0	0	
453	1	"Seed Researcher"	2	10	0	10	10	10	1	10	10	0	0	0	0	0	0	0	0	0	0	0	0	0	0	0	0	

// Raklion Monsters
//-------------------------------------------------------------------------------------------------------------------------------------------------------------------------------------------------------------------------------------------
//Numb	Rate	Name			Level	HP	MP    MinDmg  MaxDmg   Def    MagDef  Attack Success   Move  AttType  Range    View  MoveSpeed AttSpeed	Regen	Attri	ItemR	MoneyR	MaxI ResWind ResPois  ResIce ResWater ResFire
//-------------------------------------------------------------------------------------------------------------------------------------------------------------------------------------------------------------------------------------------
454	1	"Ice Walker"		102	68000	0	1310	1965	615	0	1190	800	3	7	6	7	500	1500	10	2	140	10	3	0	150	30	30	30	
455	1	"Giant Mammoth"		112	77000	0	1441	2017	585	0	1350	840	3	0	3	6	500	1500	10	2	140	10	3	0	150	30	30	30	
456	1	"Ice Giant"		122	84000	0	1585	2060	620	0	1570	770	3	0	3	7	500	1500	10	2	150	10	3	0	150	30	30	30	
457	1	"Coolutin"		132	88000	0	1743	2092	650	0	1940	840	3	7	6	7	500	1500	10	2	140	10	3	0	150	30	30	30	
458	1	"Iron Knight"		142	95000	0	1917	2301	660	0	2000	800	3	0	6	7	500	1500	10	2	140	10	3	0	150	30	30	30	
459	1	"Selupan"		145	4800000	0	10000	15000	1500	0	10000	1800	3	0	10	8	800	1800	10	2	100	0	4	0	254	254	150	150	
460	1	"Spider Eggs1"		10	40000	0	500	540	410	0	750	280	3	0	2	7	800	1700	10	0	110	0	3	0	50	50	50	50	
461	1	"Spider Eggs2"		10	40000	0	500	540	410	0	750	280	3	0	2	7	800	1700	10	0	110	0	3	0	50	50	50	50	
462	1	"Spider Eggs3"		10	40000	0	500	540	410	0	750	280	3	0	2	7	800	1700	10	0	110	0	3	0	50	50	50	50	

// Christmas Event
//-------------------------------------------------------------------------------------------------------------------------------------------------------------------------------------------------------------------------------------------
//Numb	Rate	Name			Level	HP	MP    MinDmg  MaxDmg   Def    MagDef  Attack Success   Move  AttType  Range    View  MoveSpeed AttSpeed	Regen	Attri	ItemR	MoneyR	MaxI ResWind ResPois  ResIce ResWater ResFire
//-------------------------------------------------------------------------------------------------------------------------------------------------------------------------------------------------------------------------------------------
465	1	"Santa Claus"		149	26000	0	370	410	400	0	550	200	4	3	5	6	400	2200	10	2	150	50	4	0	15	15	20	15	
466	1	"Cursed Goblin"		149	12000	0	220	260	190	0	440	130	3	0	5	5	400	1800	10	2	300	200	3	0	8	8	8	8	
467	1	"Snowman"		10	10	0	10	10	10	1	10	10	0	0	0	0	0	0	0	0	0	0	0	0	0	0	0	0	
468	1	"Little Santa1"		10	10	0	10	10	10	1	10	10	0	0	0	0	0	0	0	0	0	0	0	0	0	0	0	0	
469	1	"Little Santa2"		10	10	0	10	10	10	1	10	10	0	0	0	0	0	0	0	0	0	0	0	0	0	0	0	0	
470	1	"Little Santa3"		10	10	0	10	10	10	1	10	10	0	0	0	0	0	0	0	0	0	0	0	0	0	0	0	0	
471	1	"Little Santa4"		10	10	0	10	10	10	1	10	10	0	0	0	0	0	0	0	0	0	0	0	0	0	0	0	0	
472	1	"Little Santa5"		10	10	0	10	10	10	1	10	10	0	0	0	0	0	0	0	0	0	0	0	0	0	0	0	0	
473	1	"Little Santa6"		10	10	0	10	10	10	1	10	10	0	0	0	0	0	0	0	0	0	0	0	0	0	0	0	0	
474	1	"Little Santa7"		10	10	0	10	10	10	1	10	10	0	0	0	0	0	0	0	0	0	0	0	0	0	0	0	0	
475	1	"Little Santa8"		10	10	0	10	10	10	1	10	10	0	0	0	0	0	0	0	0	0	0	0	0	0	0	0	0	
476	1	"Cursed Santa"		149	26000	0	370	410	400	0	550	200	4	0	2	5	400	2200	10	2	150	50	4	0	15	15	20	15	
477	1	"Transformed Snowman"	10	10	0	10	10	10	1	10	10	0	0	0	0	0	0	0	0	0	0	0	0	0	0	0	0	
478	1	"Delgado"	       2	10	0	10	10	10	1	10	10	0	0	0	0	0	0	0	0	0	0	0	0	0	0	0	0

//Vulcanus
//-------------------------------------------------------------------------------------------------------------------------------------------------------------------------------------------------------------------------------------------
//Numb	Rate	Name			Level	HP	MP    MinDmg  MaxDmg   Def    MagDef  Attack Success   Move  AttType  Range    View  MoveSpeed AttSpeed	Regen	Attri	ItemR	MoneyR	MaxI ResWind ResPois  ResIce ResWater ResFire
//-------------------------------------------------------------------------------------------------------------------------------------------------------------------------------------------------------------------------------------------
479	1	"Gatekeeper Titus"      2	50	0	15	30	70	20	10	30	0	0	0	5	400	1500	10	0	200	10	0	0	0	0	0	0
480	1	"Zombie Fighter"	115	70000	0	1408	1543	1430	0	2000	3000	3	0	2	7	800	1700	10	2	110	0	4	0	50	50	50	50
481	1	"Zombie Fighter"	95	16000	0	1310	1340	1230	0	2000	3000	3	0	2	7	500	1500	10	2	155	0	3	0	20	20	20	20
482	1	"Resurgent Gladiator"	97	18000	0	1335	1365	1250	0	2000	3000	3	0	2	5	500	1500	10	2	155	0	3	0	21	21	21	21
483	1	"Resurgent Gladiator"	100	22000	0	1365	1395	1280	0	2000	3000	3	0	2	7	500	1500	10	2	155	0	3	0	22	22	22	22
484	1	"Ashes Butcher"		103	32000	0	1408	1443	1315	0	2000	3000	3	0	1	7	500	1500	10	2	135	0	3	0	23	23	23	23
485	1	"Ashes Butcher"		108	38500	0	1470	1505	1370	0	2000	3000	3	0	4	5	500	1500	10	2	135	0	3	0	24	24	24	24
486	1	"Bloody Assassin"	113	43000	0	1546	1581	1430	0	2000	3000	3	0	2	7	500	1500	10	2	135	0	3	0	25	25	25	25
487	1	"Cold-Blooded"		120	48500	0	1640	1675	1515	0	2000	3000	3	0	2	7	500	1600	10	2	135	0	4	0	26	26	26	26
488	1	"Cold-Blooded"		133	68000	0	1168	1213	1615	0	2000	3000	3	0	5	7	500	1600	10	2	130	0	4	0	29	29	29	29
489	1	"Burning Lava Giant"	135	87500	0	1830	1085	1865	0	2000	3000	3	0	4	7	500	1500	10	2	130	0	3	0	28	28	28	28
490	1	"Outrageous Giant Lava"	137	94000	0	2000	2500	1750	0	2000	3000	3	0	2	5	500	1500	10	2	130	0	3	0	27	27	27	27
491	1	"Outrageous Giant Lava"	137	94000	0	2000	2500	1750	0	2000	3000	3	0	2	5	500	1500	10	2	130	0	3	0	27	27	27	27
492	1	"Moss The Merchant"	2	50	0	15	30	70	20	10	30	0	0	0	5	400	1500	10	0	200	10	0	0	0	0	0	0

//Panda
//-------------------------------------------------------------------------------------------------------------------------------------------------------------------------------------------------------------------------------------------
//Numb	Rate	Name			Level	HP	MP    MinDmg  MaxDmg   Def    MagDef  Attack Success   Move  AttType  Range    View  MoveSpeed AttSpeed	Regen	Attri	ItemR	MoneyR	MaxI ResWind ResPois  ResIce ResWater ResFire
//-------------------------------------------------------------------------------------------------------------------------------------------------------------------------------------------------------------------------------------------
503	1	"Changeling panda"	93	33000	0	400	430	400	0	680	200	3	0	1	3	400	2000	10	2	300	200	3	0	8	8	8	8
end