//////////////////////////////////////////////////////////////////////////////////
// Project Author : (c) Shatter							//
// Project Info	  : Free Release 4 Ragezone MU Online Community			//
// Last Edit Date : 30 / 12 / 2010                                              //
//////////////////////////////////////////////////////////////////////////////////

//-----------------------------------------------------------------------------------------------------------------------//
//     Index	Name			Type1	Uni1	Type2	Uni2	Type3	Uni3	Type4	Uni4	Type5	Uni5     //
//-----------------------------------------------------------------------------------------------------------------------//
0
	304	"Witch Queen"		0	4	0	1	-1	-1	-1	-1	-1	-1
	305	"Blue Golem"		0	5	-1	-1	-1	-1	-1	-1	-1	-1
	309	"Hell Maine"		0	2	0	3	-1	-1	-1	-1	-1	-1
	340	"Dark Elf"		30	6	21	7	0	8	-1	-1	-1	-1
	341	"Soram"			0	11	-1	-1	-1	-1	-1	-1	-1	-1
	344	"Balram"		0	9	-1	-1	-1	-1	-1	-1	-1	-1
	345	"Death Spirit"		0	10	-1	-1	-1	-1	-1	-1	-1	-1
	349	"Balgass"		0	12	0	13	-1	-1	-1	-1	-1	-1
	355	"Kentauros"		-1	-1	0	14	-1	-1	-1	-1	-1	-1
	358	"Persona"		-1	-1	0	15	-1	-1	-1	-1	-1	-1
	359	"Twin Tail"		-1	-1	0	16	-1	-1	-1	-1	-1	-1
	360	"Dreadfear"		-1	-1	0	17	-1	-1	-1	-1	-1	-1
	361	"Nightmare"		0	18	1	19	30	20	2	21	-1	-1
	362	"Hands of Maya"		0	23	2	24	-1	-1	-1	-1	-1	-1
	363	"Maya Head"		0	23	2	24	-1	-1	-1	-1	-1	-1
	364	"Maya"			31	25	1	26	-1	-1	-1	-1	-1	-1
end